1.043921999999999935e+04
1.057655999999999949e+04
1.075673999999999978e+04
1.078463999999999942e+04
1.082039999999999964e+04
1.085063999999999942e+04
1.088484000000000015e+04
1.091994000000000051e+04
1.093097999999999956e+04
1.097970000000000073e+04
1.099452000000000044e+04
1.104660000000000036e+04
1.105428000000000065e+04
1.107078000000000065e+04
1.109118000000000029e+04
1.110150000000000000e+04
1.113305999999999949e+04
1.113900000000000000e+04
1.120247999999999956e+04
1.121555999999999949e+04
1.124778000000000065e+04
1.128144000000000051e+04
1.135092000000000007e+04
1.136723999999999978e+04
1.137312000000000080e+04
1.143978000000000065e+04
1.145610000000000036e+04
1.148628000000000065e+04
1.149797999999999956e+04
1.153962000000000080e+04
1.155563999999999942e+04
1.158065999999999985e+04
1.159434000000000015e+04
1.163495999999999913e+04
1.164504000000000087e+04
1.165626000000000022e+04
1.168500000000000000e+04
1.174218000000000029e+04
1.175795999999999913e+04
1.176570000000000073e+04
1.179570000000000073e+04
1.181286000000000058e+04
1.182486000000000058e+04
1.184165999999999985e+04
1.189644000000000051e+04
1.192607999999999993e+04
1.197000000000000000e+04
1.203276000000000022e+04
1.205250000000000000e+04
1.214837999999999920e+04
1.215581999999999971e+04
1.216895999999999913e+04
1.218126000000000022e+04
1.220765999999999985e+04
1.223394000000000051e+04
1.224257999999999993e+04
1.227294000000000051e+04
1.231812000000000080e+04
1.233395999999999913e+04
1.235526000000000022e+04
1.237284000000000015e+04
1.238279999999999927e+04
1.239215999999999985e+04
1.242036000000000058e+04
1.247495999999999913e+04
1.248731999999999971e+04
1.250118000000000029e+04
1.250928000000000065e+04
1.254305999999999949e+04
1.255236000000000058e+04
1.257792000000000007e+04
1.258721999999999935e+04
1.259994000000000051e+04
1.260918000000000029e+04
1.263905999999999949e+04
1.266468000000000029e+04
1.271939999999999964e+04
1.274652000000000044e+04
1.279104000000000087e+04
1.280771999999999935e+04
1.287942000000000007e+04
1.289178000000000065e+04
1.290954000000000087e+04
1.294326000000000022e+04
1.296179999999999927e+04
1.304855999999999949e+04
1.309968000000000029e+04
1.314300000000000000e+04
1.315242000000000007e+04
1.318247999999999956e+04
1.322910000000000036e+04
1.323995999999999913e+04
1.330895999999999913e+04
1.331862000000000080e+04
1.334412000000000080e+04
1.340376000000000022e+04
1.343754000000000087e+04
1.345686000000000058e+04
1.353960000000000036e+04
1.359120000000000073e+04
1.360523999999999978e+04
1.363163999999999942e+04
1.382771999999999935e+04
1.392797999999999956e+04
1.405560000000000036e+04
1.407881999999999971e+04
1.409513999999999942e+04
1.410731999999999971e+04
1.413762000000000080e+04
1.416329999999999927e+04
1.423776000000000022e+04
1.427202000000000044e+04
1.429031999999999971e+04
1.430297999999999956e+04
1.435620000000000073e+04
1.438589999999999964e+04
1.441379999999999927e+04
1.442447999999999956e+04
1.444565999999999985e+04
1.447068000000000029e+04
1.448663999999999942e+04
1.451273999999999978e+04
1.452479999999999927e+04
5.744345999999999913e+04
5.780195999999999913e+04
5.794991999999999825e+04
5.811330000000000291e+04
5.817695999999999913e+04
5.821181999999999971e+04
5.832300000000000000e+04
5.837495999999999913e+04
5.840537999999999738e+04
5.844623999999999796e+04
5.847522000000000116e+04
5.850395999999999913e+04
5.853209999999999854e+04
5.863373999999999796e+04
5.864676000000000204e+04
5.868845999999999913e+04
5.871419999999999709e+04
5.874305999999999767e+04
5.882100000000000000e+04
5.883366000000000349e+04
5.885544000000000233e+04
5.887122000000000116e+04
5.891400000000000000e+04
5.893619999999999709e+04
5.896680000000000291e+04
5.898900000000000000e+04
5.899908000000000175e+04
5.901786000000000058e+04
5.902523999999999796e+04
5.903951999999999680e+04
5.905068000000000029e+04
5.909255999999999767e+04
5.910486000000000058e+04
5.912813999999999942e+04
5.915063999999999942e+04
5.918477999999999884e+04
5.922023999999999796e+04
5.925390000000000146e+04
5.926727999999999884e+04
5.929181999999999971e+04
5.933459999999999854e+04
5.935698000000000320e+04
5.937540000000000146e+04
5.944955999999999767e+04
5.945927999999999884e+04
5.949150000000000000e+04
5.952150000000000000e+04
5.956950000000000000e+04
5.959458000000000175e+04
5.961936000000000058e+04
5.963268000000000029e+04
5.965019999999999709e+04
5.966141999999999825e+04
5.967204000000000087e+04
5.968559999999999854e+04
5.972004000000000087e+04
5.974841999999999825e+04
5.975813999999999942e+04
5.979948000000000320e+04
5.980895999999999913e+04
5.981658000000000175e+04
5.982900000000000000e+04
5.983751999999999680e+04
5.984795999999999913e+04
5.986523999999999796e+04
5.988348000000000320e+04
5.995619999999999709e+04
5.998890000000000146e+04
6.000150000000000000e+04
6.002123999999999796e+04
6.005562000000000262e+04
6.009168000000000029e+04
6.010500000000000000e+04
6.016295999999999913e+04
6.017219999999999709e+04
6.022259999999999854e+04
6.030462000000000262e+04
6.050286000000000058e+04
6.064973999999999796e+04
6.074969999999999709e+04
6.079272000000000116e+04
6.086472000000000116e+04
6.091277999999999884e+04
6.096041999999999825e+04
6.104669999999999709e+04
6.114780000000000291e+04
6.127481999999999971e+04
6.130848000000000320e+04
6.135581999999999971e+04
6.142169999999999709e+04
6.147426000000000204e+04
6.162731999999999971e+04
6.166722000000000116e+04
6.170994000000000233e+04
6.355290000000000146e+04
9.266975999999999476e+04
9.305616000000000349e+04
9.343517999999999302e+04
1.018280399999999936e+05
1.020074400000000023e+05
1.020979799999999959e+05
1.022016600000000035e+05
1.022596199999999953e+05
1.023287400000000052e+05
1.024427400000000052e+05
1.025373000000000029e+05
1.025695800000000017e+05
1.025805000000000000e+05
1.026487799999999988e+05
1.026934799999999959e+05
1.027195800000000017e+05
1.027403999999999942e+05
1.027632599999999948e+05
1.027709400000000023e+05
1.027877400000000052e+05
1.028238000000000029e+05
1.028379600000000064e+05
1.028542799999999988e+05
1.028665200000000041e+05
1.028785800000000017e+05
1.029059400000000023e+05
1.029595800000000017e+05
1.029935399999999936e+05
1.030384799999999959e+05
1.030566000000000058e+05
1.030954799999999959e+05
1.031095800000000017e+05
1.031181000000000058e+05
1.031484600000000064e+05
1.031658000000000029e+05
1.031872200000000012e+05
1.032032400000000052e+05
1.032345000000000000e+05
1.032479400000000023e+05
1.032692400000000052e+05
1.032800399999999936e+05
1.032934799999999959e+05
1.033364400000000023e+05
1.033474199999999983e+05
1.033752599999999948e+05
1.034023800000000047e+05
1.034092200000000012e+05
1.034397599999999948e+05
1.034479199999999983e+05
1.034602799999999988e+05
1.035372599999999948e+05
1.035646799999999930e+05
1.035736799999999930e+05
1.036121999999999971e+05
1.036412400000000052e+05
1.036544400000000023e+05
1.037249400000000023e+05
1.037770800000000017e+05
1.038558600000000006e+05
1.038648000000000029e+05
1.040021399999999994e+05
1.040119199999999983e+05
1.040464799999999959e+05
1.040917799999999988e+05
1.041029400000000023e+05
1.041198600000000006e+05
1.041831600000000035e+05
1.042234199999999983e+05
1.042504799999999959e+05
1.042950599999999977e+05
1.043050800000000017e+05
1.043794799999999959e+05
1.044428399999999965e+05
1.044722400000000052e+05
1.045582799999999988e+05
1.046291399999999994e+05
1.046466000000000058e+05
1.048076999999999971e+05
1.048866000000000058e+05
1.049666999999999971e+05
1.049816999999999971e+05
1.049935800000000017e+05
1.050731399999999994e+05
1.051046399999999994e+05
1.052869199999999983e+05
1.053281999999999971e+05
1.053480000000000000e+05
1.053769799999999959e+05
1.054601399999999994e+05
1.055316000000000058e+05
1.055452799999999988e+05
1.055551799999999930e+05
1.056278999999999942e+05
1.347266400000000140e+05
1.347564599999999919e+05
1.348362000000000116e+05
1.348759800000000105e+05
1.349244599999999919e+05
1.350691199999999953e+05
1.351092600000000093e+05
1.351302600000000093e+05
1.351746000000000058e+05
1.352063999999999942e+05
1.352182799999999988e+05
1.352331000000000058e+05
1.352599200000000128e+05
1.352979599999999919e+05
1.353070799999999872e+05
1.353582600000000093e+05
1.353691199999999953e+05
1.354054200000000128e+05
1.354317600000000093e+05
1.354435799999999872e+05
1.354812000000000116e+05
1.355089200000000128e+05
1.355249400000000023e+05
1.355445599999999977e+05
1.355548200000000070e+05
1.355791799999999930e+05
1.356077999999999884e+05
1.356570000000000000e+05
1.356679200000000128e+05
1.356781199999999953e+05
1.356983999999999942e+05
1.357470000000000000e+05
1.357850400000000081e+05
1.357971000000000058e+05
1.358252399999999907e+05
1.358779200000000128e+05
1.359211799999999930e+05
1.359345599999999977e+05
1.359557399999999907e+05
1.359824400000000023e+05
1.359975000000000000e+05
1.360286400000000140e+05
1.360678200000000070e+05
1.361197200000000012e+05
1.361545799999999872e+05
1.361723999999999942e+05
1.361997000000000116e+05
1.362476400000000140e+05
1.363148999999999942e+05
1.363328999999999942e+05
1.363661400000000140e+05
1.363952999999999884e+05
1.364303999999999942e+05
1.364618399999999965e+05
1.364701199999999953e+05
1.364814599999999919e+05
1.366371600000000035e+05
1.366595400000000081e+05
1.366802399999999907e+05
1.367698800000000047e+05
1.368790799999999872e+05
1.369162200000000012e+05
1.369883999999999942e+05
1.370012399999999907e+05
1.370265599999999977e+05
1.371096000000000058e+05
1.371762000000000116e+05
1.372071600000000035e+05
1.372437000000000116e+05
1.373083800000000047e+05
1.373391000000000058e+05
1.373541000000000058e+05
1.374248399999999965e+05
1.374709800000000105e+05
1.374951000000000058e+05
1.630253399999999965e+05
1.631507399999999907e+05
1.631946600000000035e+05
1.632487200000000012e+05
1.632629400000000023e+05
1.632760199999999895e+05
1.632966600000000035e+05
1.633134599999999919e+05
1.633205400000000081e+05
1.633763999999999942e+05
1.633943399999999965e+05
1.634188800000000047e+05
1.634319599999999919e+05
1.634503800000000047e+05
1.634668800000000047e+05
1.634798399999999965e+05
1.634896199999999953e+05
1.635137999999999884e+05
1.635346199999999953e+05
1.635696000000000058e+05
1.635786600000000035e+05
1.635939599999999919e+05
1.636118399999999965e+05
1.636195799999999872e+05
1.636346400000000140e+05
1.636603200000000070e+05
1.637016000000000058e+05
1.637338200000000070e+05
1.637443800000000047e+05
1.637610599999999977e+05
1.637957399999999907e+05
1.638044400000000023e+05
1.638240599999999977e+05
1.638347399999999907e+05
1.638501000000000058e+05
1.638587999999999884e+05
1.638790199999999895e+05
1.638924599999999919e+05
1.639421400000000140e+05
1.639552200000000012e+05
1.639973999999999942e+05
1.640078999999999942e+05
1.640322600000000093e+05
1.640528999999999942e+05
1.640767200000000012e+05
1.641000000000000000e+05
1.641592799999999988e+05
1.641905400000000081e+05
1.642190400000000081e+05
1.643041799999999930e+05
1.643907600000000093e+05
1.644633599999999860e+05
1.644908999999999942e+05
1.646259599999999919e+05
1.647640799999999872e+05
1.648139400000000023e+05
1.649744400000000023e+05
1.650607799999999988e+05
1.651178999999999942e+05
1.651525199999999895e+05
1.652048399999999965e+05
1.652461199999999953e+05
1.652679599999999919e+05
1.652983200000000070e+05
1.653382200000000012e+05
1.653717000000000116e+05
1.654041000000000058e+05
1.654662000000000116e+05
1.654831199999999953e+05
1.654995000000000000e+05
1.655248800000000047e+05
1.655506199999999953e+05
1.655798999999999942e+05
1.656141600000000035e+05
1.656700799999999872e+05
1.656837600000000093e+05
1.721521799999999930e+05
1.721997000000000116e+05
1.722434400000000023e+05
1.722774599999999919e+05
1.723332000000000116e+05
1.723508999999999942e+05
1.723793999999999942e+05
1.724014800000000105e+05
1.724231400000000140e+05
1.724667600000000093e+05
1.725003599999999860e+05
1.725102600000000093e+05
1.725394200000000128e+05
1.725537600000000093e+05
1.725666000000000058e+05
1.726111799999999930e+05
1.726249800000000105e+05
1.726467600000000093e+05
1.726673999999999942e+05
1.726851000000000058e+05
1.727148599999999860e+05
1.727476199999999953e+05
1.727598599999999860e+05
1.727704800000000105e+05
1.727857799999999988e+05
1.728326400000000140e+05
1.728546000000000058e+05
1.728928800000000047e+05
1.729125000000000000e+05
1.729231799999999930e+05
1.729502999999999884e+05
1.729840799999999872e+05
1.730349599999999919e+05
1.731017999999999884e+05
1.731148200000000070e+05
1.731257399999999907e+05
1.731426000000000058e+05
1.731692999999999884e+05
1.732092600000000093e+05
1.732231199999999953e+05
1.732589400000000023e+05
1.732800000000000000e+05
1.732905000000000000e+05
1.733248200000000070e+05
1.733497799999999988e+05
1.733613599999999860e+05
1.733749800000000105e+05
1.733942399999999907e+05
1.734165599999999977e+05
1.734288599999999860e+05
1.734646199999999953e+05
1.734897600000000093e+05
1.735371600000000035e+05
1.735669800000000105e+05
1.735771199999999953e+05
1.735866600000000035e+05
1.736168999999999942e+05
1.737237600000000093e+05
1.737340799999999872e+05
1.737478800000000047e+05
1.737831600000000035e+05
1.738502399999999907e+05
1.738740599999999977e+05
1.739331600000000035e+05
1.739463599999999860e+05
1.739596799999999930e+05
1.739815799999999872e+05
1.740135599999999977e+05
1.740351600000000035e+05
1.740580799999999872e+05
1.740982799999999988e+05
1.741207799999999988e+05
1.741581000000000058e+05
1.741918200000000070e+05
1.742203200000000070e+05
1.742731199999999953e+05
1.742913599999999860e+05
1.743375000000000000e+05
1.743869400000000023e+05
1.744151400000000140e+05
1.744442399999999907e+05
1.744591199999999953e+05
1.745068800000000047e+05
1.745890799999999872e+05
1.746088800000000047e+05
1.747198200000000070e+05
1.747423200000000070e+05
1.747572600000000093e+05
1.748050199999999895e+05
1.748825400000000081e+05
1.749032399999999907e+05
1.749841199999999953e+05
1.750549200000000128e+05
1.750795199999999895e+05
1.751107200000000012e+05
1.751323200000000070e+05
1.751635199999999895e+05
1.751771400000000140e+05
1.752180000000000000e+05
1.752325799999999872e+05
1.752661199999999953e+05
1.753108800000000047e+05
1.753515599999999977e+05
1.754140199999999895e+05
1.969595400000000081e+05
1.971307200000000012e+05
1.971628800000000047e+05
1.972020000000000000e+05
1.972307999999999884e+05
1.972757399999999907e+05
1.972965000000000000e+05
1.973266199999999953e+05
1.973495400000000081e+05
1.973692799999999988e+05
1.973885400000000081e+05
1.974232799999999988e+05
1.974360000000000000e+05
1.974510599999999977e+05
1.974619200000000128e+05
1.974798599999999860e+05
1.974945599999999977e+05
1.975181400000000140e+05
1.975348200000000070e+05
1.975533599999999860e+05
1.975620000000000000e+05
1.975730400000000081e+05
1.975969200000000128e+05
1.976301000000000058e+05
1.976515799999999872e+05
1.976717999999999884e+05
1.976835599999999977e+05
1.977080400000000081e+05
1.977214200000000128e+05
1.977494400000000023e+05
1.977753599999999860e+05
1.977983399999999965e+05
1.978311000000000058e+05
1.978549800000000105e+05
1.978733399999999965e+05
1.978925400000000081e+05
1.979253599999999860e+05
1.979549400000000023e+05
1.979648399999999965e+05
1.980970799999999872e+05
1.981157399999999907e+05
1.981297799999999988e+05
1.981751400000000140e+05
1.982183399999999965e+05
1.982492399999999907e+05
2.028298800000000047e+05
2.028795000000000000e+05
2.029019400000000023e+05
2.029266000000000058e+05
2.029497000000000116e+05
2.029667999999999884e+05
2.030325599999999977e+05
2.030416799999999930e+05
2.030841000000000058e+05
2.031007799999999988e+05
2.031108599999999860e+05
2.031517799999999988e+05
2.031717600000000093e+05
2.031931199999999953e+05
2.032298399999999965e+05
2.032397399999999907e+05
2.032596600000000035e+05
2.033044200000000128e+05
2.033151000000000058e+05
2.033335199999999895e+05
2.033481600000000035e+05
2.033587200000000012e+05
2.033850000000000000e+05
2.033977200000000012e+05
2.034250799999999872e+05
2.034690599999999977e+05
2.034782999999999884e+05
2.035464599999999919e+05
2.035538399999999965e+05
2.035657799999999988e+05
2.035935000000000000e+05
2.036231400000000140e+05
2.036329800000000105e+05
2.036477999999999884e+05
2.036706600000000035e+05
2.036937600000000093e+05
2.037032399999999907e+05
2.037150599999999977e+05
2.037462600000000093e+05
2.037717600000000093e+05
2.037808800000000047e+05
2.037976799999999930e+05
2.038401600000000035e+05
2.038552799999999988e+05
2.038685400000000081e+05
2.038786799999999930e+05
2.038899599999999919e+05
2.039122200000000012e+05
2.039256000000000058e+05
2.039367000000000116e+05
2.039521199999999953e+05
2.039880599999999977e+05
2.040449400000000023e+05
2.040601199999999953e+05
2.040799800000000105e+05
2.040967799999999988e+05
2.041395000000000000e+05
2.041530000000000000e+05
2.042091000000000058e+05
2.042389800000000105e+05
2.042706600000000035e+05
2.043018599999999860e+05
2.043132000000000116e+05
2.043294599999999919e+05
2.043535199999999895e+05
2.044208399999999965e+05
2.044478399999999965e+05
2.103898800000000047e+05
2.104336799999999930e+05
2.105065799999999872e+05
2.105988599999999860e+05
2.106436199999999953e+05
2.106657600000000093e+05
2.107016400000000140e+05
2.107290000000000000e+05
2.107727399999999907e+05
2.108086799999999930e+05
2.108747999999999884e+05
2.109545400000000081e+05
2.109741600000000035e+05
2.110032600000000093e+05
2.110253399999999965e+05
2.110770000000000000e+05
2.111057399999999907e+05
2.111252999999999884e+05
2.111507999999999884e+05
2.111852999999999884e+05
2.111994599999999919e+05
2.211711000000000058e+05
2.212597799999999988e+05
2.214118800000000047e+05
2.217446400000000140e+05
2.218658999999999942e+05
2.219614200000000128e+05
2.221808399999999965e+05
2.223448200000000070e+05
2.225782200000000012e+05
2.227149599999999919e+05
2.228782200000000012e+05
2.230112999999999884e+05
2.231466600000000035e+05
2.232625799999999872e+05
2.233780199999999895e+05
2.235297600000000093e+05
2.236340400000000081e+05
2.237727000000000116e+05
2.238199800000000105e+05
2.239720199999999895e+05
2.240199599999999919e+05
2.241332399999999907e+05
2.241970799999999872e+05
2.242532999999999884e+05
2.243033999999999942e+05
2.243541000000000058e+05
2.243879400000000023e+05
2.244692399999999907e+05
2.244948599999999860e+05
2.246048399999999965e+05
2.246292600000000093e+05
2.246391000000000058e+05
2.246865599999999977e+05
2.247889200000000128e+05
2.248016400000000140e+05
2.248176000000000058e+05
2.248510799999999872e+05
2.248855799999999872e+05
2.249256600000000035e+05
2.249353800000000047e+05
2.249872799999999988e+05
2.250128399999999965e+05
2.250238200000000070e+05
2.250407399999999907e+05
2.250555599999999977e+05
2.251064400000000023e+05
2.251182600000000093e+05
2.251446000000000058e+05
2.251568999999999942e+05
2.251777799999999988e+05
2.252220000000000000e+05
2.252453399999999965e+05
2.252623800000000047e+05
2.253270000000000000e+05
2.253359400000000023e+05
2.254020599999999977e+05
2.254426199999999953e+05
2.254969200000000128e+05
2.255400599999999977e+05
2.255497799999999988e+05
2.255752200000000012e+05
2.255945400000000081e+05
2.256966000000000058e+05
2.257556400000000140e+05
2.258495400000000081e+05
2.259366600000000035e+05
2.259703800000000047e+05
2.259866400000000140e+05
2.260357799999999988e+05
2.260502999999999884e+05
2.261234400000000023e+05
2.261616000000000058e+05
2.261810400000000081e+05
2.261996400000000140e+05
2.262416400000000140e+05
2.263060799999999872e+05
2.263185000000000000e+05
2.263510199999999895e+05
2.263752600000000093e+05
2.263974599999999919e+05
2.264497200000000012e+05
2.264652600000000093e+05
2.264797799999999988e+05
2.264991000000000058e+05
2.265607200000000012e+05
3.025780800000000163e+05
3.026456400000000140e+05
3.026726400000000140e+05
3.026940000000000000e+05
3.027309600000000210e+05
3.027519600000000210e+05
3.027792600000000093e+05
3.029079000000000233e+05
3.029276400000000140e+05
3.029361599999999744e+05
3.029556599999999744e+05
3.029686799999999930e+05
3.029955000000000000e+05
3.030177600000000093e+05
3.030315599999999977e+05
3.030532199999999721e+05
3.031009199999999837e+05
3.031222199999999721e+05
3.031316400000000140e+05
3.031805999999999767e+05
3.032062800000000279e+05
3.032130000000000000e+05
3.032270399999999790e+05
3.032627999999999884e+05
3.033545999999999767e+05
3.033625800000000163e+05
3.034321199999999953e+05
3.034655399999999790e+05
3.035117399999999907e+05
3.035212800000000279e+05
3.035430599999999977e+05
3.035744400000000023e+05
3.036151199999999953e+05
3.036514199999999837e+05
3.037497000000000116e+05
3.037760399999999790e+05
3.038159400000000023e+05
3.038367600000000093e+05
3.038786400000000140e+05
3.040181400000000140e+05
3.041215200000000186e+05
3.041380800000000163e+05
3.041497199999999721e+05
3.042190200000000186e+05
3.042402000000000116e+05
3.042667199999999721e+05
3.042904199999999837e+05
3.043074600000000210e+05
3.043294799999999814e+05
3.043628400000000256e+05
3.043932000000000116e+05
3.044668800000000047e+05
3.044957999999999884e+05
3.045564600000000210e+05
3.045865800000000163e+05
3.047155800000000163e+05
3.048204000000000233e+05
3.048717600000000093e+05
3.050216400000000140e+05
3.050896199999999953e+05
3.052820999999999767e+05
3.053059799999999814e+05
3.054244199999999837e+05
3.054687600000000093e+05
3.055412999999999884e+05
3.055680599999999977e+05
3.055927199999999721e+05
3.056217600000000093e+05
3.056335800000000163e+05
3.056456400000000140e+05
3.057190800000000163e+05
3.057410999999999767e+05
3.058822199999999721e+05
3.058939799999999814e+05
3.303972000000000116e+05
3.304834199999999837e+05
3.305775000000000000e+05
3.306249000000000233e+05
3.306623400000000256e+05
3.307024199999999837e+05
3.307108200000000070e+05
3.307807199999999721e+05
3.308049600000000210e+05
3.308510999999999767e+05
3.309169799999999814e+05
3.309362399999999907e+05
3.309778200000000070e+05
3.309957600000000093e+05
3.310048200000000070e+05
3.310212600000000093e+05
3.310380599999999977e+05
3.310499400000000023e+05
3.310644000000000233e+05
3.310777199999999721e+05
3.310900800000000163e+05
3.311088599999999860e+05
3.311189400000000023e+05
3.311338800000000047e+05
3.311530200000000186e+05
3.311985599999999977e+05
3.312161400000000140e+05
3.312300599999999977e+05
3.312451199999999953e+05
3.313140000000000000e+05
3.313373400000000256e+05
3.314304600000000210e+05
3.314467800000000279e+05
3.314562600000000093e+05
3.314936400000000140e+05
3.315216599999999744e+05
3.315468599999999860e+05
3.315646199999999953e+05
3.315915599999999977e+05
3.316134600000000210e+05
3.316509600000000210e+05
3.317374199999999837e+05
3.317604600000000210e+05
3.317908800000000047e+05
3.318268800000000047e+05
3.318466799999999930e+05
3.318749400000000023e+05
3.319017600000000093e+05
3.319460999999999767e+05
3.319716599999999744e+05
3.319869600000000210e+05
3.320060399999999790e+05
3.320179199999999837e+05
3.320783400000000256e+05
3.321169799999999814e+05
3.321272999999999884e+05
3.321496199999999953e+05
3.322082399999999907e+05
3.322257000000000116e+05
3.322738200000000070e+05
3.323258400000000256e+05
3.323601599999999744e+05
3.323698800000000047e+05
3.323878800000000047e+05
3.324279600000000210e+05
3.324437999999999884e+05
3.324853200000000070e+05
3.324971400000000140e+05
3.539436599999999744e+05
3.542149799999999814e+05
3.542500200000000186e+05
3.543589199999999837e+05
3.543809400000000023e+05
3.544053599999999860e+05
3.544401599999999744e+05
3.544605000000000000e+05
3.544880399999999790e+05
3.545127600000000093e+05
3.545473800000000047e+05
3.545679600000000210e+05
3.546210599999999977e+05
3.546454799999999814e+05
3.546684000000000233e+05
3.546788400000000256e+05
3.546901799999999930e+05
3.547121400000000140e+05
3.547288800000000047e+05
3.547513800000000047e+05
3.547716599999999744e+05
3.548356199999999953e+05
3.548557199999999721e+05
3.548897999999999884e+05
3.549087600000000093e+05
3.549325200000000186e+05
3.549449400000000023e+05
3.549587999999999884e+05
3.549686400000000140e+05
3.549983400000000256e+05
3.550179600000000210e+05
3.550621799999999930e+05
3.551270999999999767e+05
3.551671199999999953e+05
3.551792999999999884e+05
3.551975399999999790e+05
3.552086400000000140e+05
3.552284400000000023e+05
3.552435000000000000e+05
3.552736799999999930e+05
3.552992399999999907e+05
3.553210800000000163e+05
3.553753200000000070e+05
3.553872600000000093e+05
3.554542800000000279e+05
3.555860399999999790e+05
3.555995999999999767e+05
3.556413599999999860e+05
3.557010599999999977e+05
3.557550599999999977e+05
3.557887800000000279e+05
3.558020999999999767e+05
3.558144000000000233e+05
3.558617999999999884e+05
3.559972800000000279e+05
3.560314799999999814e+05
3.561507000000000116e+05
3.561772800000000279e+05
3.561985200000000186e+05
3.562710000000000000e+05
3.562918800000000047e+05
3.563110800000000163e+05
3.563374199999999837e+05
3.563522399999999907e+05
3.563713800000000047e+05
3.563845200000000186e+05
3.564200999999999767e+05
3.564323400000000256e+05
3.564507000000000116e+05
3.564834600000000210e+05
3.565117199999999721e+05
3.565237199999999721e+05
3.565551599999999744e+05
3.566425200000000186e+05
3.567529199999999837e+05
3.790305599999999977e+05
3.792604199999999837e+05
3.794597399999999907e+05
3.795802800000000279e+05
3.797057999999999884e+05
3.797485200000000186e+05
3.797761799999999930e+05
3.797969400000000023e+05
3.798236400000000140e+05
3.798660599999999977e+05
3.799289400000000023e+05
3.799644000000000233e+05
3.800165399999999790e+05
3.801227999999999884e+05
3.801340800000000163e+05
3.802168200000000070e+05
3.802250399999999790e+05
3.802514400000000023e+05
3.802974600000000210e+05
3.803074799999999814e+05
3.803208599999999860e+05
3.803412600000000093e+05
3.803604600000000210e+05
3.804103200000000070e+05
3.804808200000000070e+05
3.805117800000000279e+05
3.805242600000000093e+05
3.805882800000000279e+05
3.806440200000000186e+05
3.807020399999999790e+05
3.807307800000000279e+05
3.808617000000000116e+05
3.809199600000000210e+05
3.809412600000000093e+05
3.809479799999999814e+05
3.810019799999999814e+05
3.811081199999999953e+05
3.811275000000000000e+05
3.811528200000000070e+05
3.812809199999999837e+05
3.813243599999999860e+05
3.813515399999999790e+05
3.814384199999999837e+05
3.814636799999999930e+05
3.815414400000000023e+05
3.815830200000000186e+05
3.816066599999999744e+05
3.816378599999999860e+05
3.816590399999999790e+05
3.816828599999999860e+05
3.817292999999999884e+05
3.817449000000000233e+05
3.817607399999999907e+05
3.817849799999999814e+05
3.818215800000000163e+05
3.818821799999999930e+05
3.819056400000000140e+05
3.819432000000000116e+05
3.819618599999999860e+05
3.819916799999999930e+05
3.820754400000000023e+05
3.821082000000000116e+05
3.821370599999999977e+05
3.821861400000000140e+05
3.822125999999999767e+05
3.822555599999999977e+05
3.822766199999999953e+05
3.823586400000000140e+05
3.823703400000000256e+05
3.973943400000000256e+05
3.974440800000000163e+05
3.975247800000000279e+05
3.975488400000000256e+05
3.975666599999999744e+05
3.975839400000000023e+05
3.976187399999999907e+05
3.976427399999999907e+05
3.976595999999999767e+05
3.976745999999999767e+05
3.977006400000000140e+05
3.977109600000000210e+05
3.977236799999999930e+05
3.977393400000000256e+05
3.977487600000000093e+05
3.977735999999999767e+05
3.977810999999999767e+05
3.977961599999999744e+05
3.978098400000000256e+05
3.978345599999999977e+05
3.978537000000000116e+05
3.978692399999999907e+05
3.978822000000000116e+05
3.979282199999999721e+05
3.979715399999999790e+05
3.979828200000000070e+05
3.979927800000000279e+05
3.980110800000000163e+05
3.980225399999999790e+05
3.980416799999999930e+05
3.980612399999999907e+05
3.980957399999999907e+05
3.981178200000000070e+05
3.981425999999999767e+05
3.981767399999999907e+05
3.981970200000000186e+05
3.982324199999999837e+05
3.982520399999999790e+05
3.983007000000000116e+05
3.983195399999999790e+05
3.983817000000000116e+05
3.984004199999999837e+05
3.984209400000000023e+05
3.984327000000000116e+05
3.984444600000000210e+05
3.984589799999999814e+05
3.984829799999999814e+05
3.984928200000000070e+05
3.985262999999999884e+05
3.985435800000000163e+05
3.985751400000000140e+05
3.986005800000000163e+05
3.986847000000000116e+05
3.986962199999999721e+05
3.987314400000000023e+05
3.987510000000000000e+05
3.987649199999999837e+05
3.987916199999999953e+05
3.988107600000000093e+05
3.988377000000000116e+05
3.988785000000000000e+05
3.988921799999999930e+05
4.370511599999999744e+05
4.373559000000000233e+05
4.375164000000000233e+05
4.376049600000000210e+05
4.377249600000000210e+05
4.377544799999999814e+05
4.378342800000000279e+05
4.379160000000000000e+05
4.380547199999999721e+05
4.380935999999999767e+05
4.381017000000000116e+05
4.381384799999999814e+05
4.381679400000000023e+05
4.382347199999999721e+05
4.382445000000000000e+05
4.382572199999999721e+05
4.382959199999999837e+05
4.383240599999999977e+05
4.383454199999999837e+05
4.383914400000000023e+05
4.384099799999999814e+05
4.384270200000000186e+05
4.385196599999999744e+05
4.385604000000000233e+05
4.385698200000000070e+05
4.385848800000000047e+05
4.386341400000000140e+05
4.386588599999999860e+05
4.386797999999999884e+05
4.388553599999999860e+05
4.389063599999999860e+05
4.389236400000000140e+05
4.389979199999999837e+05
4.390200599999999977e+05
4.390644000000000233e+05
4.391258400000000256e+05
4.392434400000000023e+05
4.392587399999999907e+05
4.393687199999999721e+05
4.394027999999999884e+05
4.394385000000000000e+05
4.394499000000000233e+05
4.394843400000000256e+05
4.394978400000000256e+05
4.395196799999999930e+05
4.395523200000000070e+05
4.396206599999999744e+05
4.396481400000000140e+05
4.396753800000000047e+05
4.396873800000000047e+05
4.397477999999999884e+05
4.397965800000000163e+05
4.398199199999999837e+05
5.164709400000000023e+05
5.167250999999999767e+05
5.174739600000000210e+05
5.177167800000000279e+05
5.177969400000000023e+05
5.178368400000000256e+05
5.180250599999999977e+05
5.180984400000000023e+05
5.181209400000000023e+05
5.181897000000000116e+05
5.182189799999999814e+05
5.182636199999999953e+05
5.183034000000000233e+05
5.183479799999999814e+05
5.184358200000000070e+05
5.184628200000000070e+05
5.184878400000000256e+05
5.186128200000000070e+05
5.186238599999999860e+05
5.186589000000000233e+05
5.186769000000000233e+05
5.187504600000000210e+05
5.187724199999999837e+05
5.188002600000000093e+05
5.188846799999999930e+05
5.189115599999999977e+05
5.189205599999999977e+05
5.189544000000000233e+05
5.189647199999999721e+05
5.189884199999999837e+05
5.191087199999999721e+05
5.192067000000000116e+05
5.192146799999999930e+05
5.192574600000000210e+05
5.192712600000000093e+05
5.193256799999999930e+05
5.193445200000000186e+05
5.193833400000000256e+05
5.194152000000000116e+05
5.194532999999999884e+05
5.194791599999999744e+05
5.194982999999999884e+05
5.197040999999999767e+05
5.197990200000000186e+05
5.198690999999999767e+05
5.199132000000000116e+05
5.199421799999999930e+05
5.199601199999999953e+05
5.200315800000000163e+05
5.200711799999999930e+05
5.201091599999999744e+05
5.201496599999999744e+05
5.202078599999999860e+05
5.204160599999999977e+05
5.205339600000000210e+05
5.205543599999999860e+05
5.205676199999999953e+05
5.205801599999999744e+05
5.206429199999999837e+05
5.206613400000000256e+05
5.206809600000000210e+05
5.207009400000000023e+05
5.207470200000000186e+05
5.207607600000000093e+05
5.208663599999999860e+05
5.211267600000000093e+05
5.212138800000000047e+05
5.212594199999999837e+05
5.214334199999999837e+05
5.214673800000000047e+05
5.215249799999999814e+05
5.215957199999999721e+05
5.216587199999999721e+05
5.216821199999999953e+05
5.216952000000000116e+05
5.217694799999999814e+05
5.369167199999999721e+05
5.370964200000000419e+05
5.374820999999999767e+05
5.376556800000000512e+05
5.378573399999999674e+05
5.379313199999999488e+05
5.379946800000000512e+05
5.380247399999999907e+05
5.380558199999999488e+05
5.381353800000000047e+05
5.382079200000000419e+05
5.382541800000000512e+05
5.383164000000000233e+05
5.383384799999999814e+05
5.383517399999999907e+05
5.383772399999999907e+05
5.384047800000000279e+05
5.384131800000000512e+05
5.384293800000000047e+05
5.384783399999999674e+05
5.384931600000000326e+05
5.385260999999999767e+05
5.385734399999999441e+05
5.386205999999999767e+05
5.386318199999999488e+05
5.386493399999999674e+05
5.386564799999999814e+05
5.387373000000000466e+05
5.389005000000000000e+05
5.389674599999999627e+05
5.390935799999999581e+05
5.392791600000000326e+05
5.393730000000000000e+05
5.394363000000000466e+05
5.394924599999999627e+05
5.395190999999999767e+05
5.395322399999999907e+05
5.396587199999999721e+05
5.398650600000000559e+05
5.399477399999999907e+05
5.400367800000000279e+05
5.400652800000000279e+05
5.401383000000000466e+05
5.402478599999999860e+05
5.404413000000000466e+05
5.404681800000000512e+05
5.405049599999999627e+05
5.405314200000000419e+05
5.408891999999999534e+05
5.409120000000000000e+05
5.409244799999999814e+05
5.410040400000000373e+05
5.410951800000000512e+05
5.894947199999999721e+05
5.895236999999999534e+05
5.895518399999999674e+05
5.895647399999999907e+05
5.895875999999999767e+05
5.896051800000000512e+05
5.896316400000000140e+05
5.896464000000000233e+05
5.896539000000000233e+05
5.896693199999999488e+05
5.896871999999999534e+05
5.897095200000000186e+05
5.897195400000000373e+05
5.897335799999999581e+05
5.897455200000000186e+05
5.897563800000000047e+05
5.897660400000000373e+05
5.897822399999999907e+05
5.897928599999999860e+05
5.898005999999999767e+05
5.898212399999999907e+05
5.898469200000000419e+05
5.898634200000000419e+05
5.898766199999999953e+05
5.898986400000000140e+05
5.899129200000000419e+05
5.899369799999999814e+05
5.899584000000000233e+05
5.899691400000000140e+05
5.899825200000000186e+05
5.899936199999999953e+05
5.900193599999999860e+05
5.900374799999999814e+05
5.900660400000000373e+05
5.900764799999999814e+05
5.901023399999999674e+05
5.901133800000000047e+05
5.901649200000000419e+05
5.901751199999999953e+05
5.901835799999999581e+05
5.902111199999999953e+05
5.902242600000000093e+05
5.902360799999999581e+05
5.902725000000000000e+05
5.903119200000000419e+05
5.903300400000000373e+05
5.903754000000000233e+05
5.903878800000000047e+05
5.904078599999999860e+05
5.904188399999999674e+05
5.904300000000000000e+05
5.904621600000000326e+05
5.904737399999999907e+05
5.904877199999999721e+05
5.905087800000000279e+05
5.905277399999999907e+05
5.905522199999999721e+05
5.905743000000000466e+05
5.906223599999999860e+05
5.906781600000000326e+05
5.907053399999999674e+05
5.907453599999999860e+05
5.907716999999999534e+05
5.908118399999999674e+05
5.908475999999999767e+05
5.908609200000000419e+05
5.908866600000000326e+05
5.909277600000000093e+05
5.910236999999999534e+05
5.910332399999999907e+05
5.910677399999999907e+05
5.910919799999999814e+05
5.911140000000000000e+05
5.911434000000000233e+05
5.911580999999999767e+05
5.911840799999999581e+05
5.912360999999999767e+05
5.912486400000000140e+05
5.912624399999999441e+05
5.912758800000000047e+05
5.913113399999999674e+05
5.913239399999999441e+05
5.913634799999999814e+05
5.913997800000000279e+05
5.914104599999999627e+05
5.914281600000000326e+05
5.914478399999999674e+05
5.914643399999999674e+05
5.914963800000000047e+05
5.915208599999999860e+05
5.915691600000000326e+05
5.916377399999999907e+05
5.916500999999999767e+05
5.916605400000000373e+05
5.916984599999999627e+05
5.983989000000000233e+05
5.984245799999999581e+05
5.984501400000000140e+05
5.984756400000000140e+05
5.985160799999999581e+05
5.985380400000000373e+05
5.985537600000000093e+05
5.985678000000000466e+05
5.985810600000000559e+05
5.986060200000000186e+05
5.986368000000000466e+05
5.986460999999999767e+05
5.987147399999999907e+05
5.987467800000000279e+05
5.987712600000000093e+05
5.988078000000000466e+05
5.988300000000000000e+05
5.988484200000000419e+05
5.988715200000000186e+05
5.988986999999999534e+05
5.989255200000000186e+05
5.989651199999999953e+05
5.990246999999999534e+05
5.990341800000000512e+05
5.990542199999999721e+05
5.991311400000000140e+05
5.991536999999999534e+05
5.991753599999999860e+05
5.992110000000000000e+05
5.992263000000000466e+05
5.992363199999999488e+05
5.992680000000000000e+05
5.994051600000000326e+05
5.994502800000000279e+05
5.994600600000000559e+05
5.994717600000000093e+05
5.994907199999999721e+05
5.995338599999999860e+05
5.995834200000000419e+05
5.996063399999999674e+05
5.996746199999999953e+05
5.996926800000000512e+05
5.997457199999999721e+05
5.997999000000000233e+05
5.998225200000000186e+05
5.998473599999999860e+05
6.000605400000000373e+05
6.000798599999999860e+05
6.001232399999999907e+05
6.001750200000000186e+05
6.001949399999999441e+05
6.002921400000000140e+05
6.003753000000000466e+05
6.003982199999999721e+05
6.004143599999999860e+05
6.004404000000000233e+05
6.005102399999999907e+05
6.005798399999999674e+05
6.005947199999999721e+05
6.006399000000000233e+05
6.185515799999999581e+05
6.187100999999999767e+05
6.188488199999999488e+05
6.189429000000000233e+05
6.189721800000000512e+05
6.190291199999999953e+05
6.190465799999999581e+05
6.191083199999999488e+05
6.191643599999999860e+05
6.191880600000000559e+05
6.191976600000000326e+05
6.192144599999999627e+05
6.192369000000000233e+05
6.192523800000000047e+05
6.192731400000000140e+05
6.192874799999999814e+05
6.193082399999999907e+05
6.193310999999999767e+05
6.193498199999999488e+05
6.193717199999999721e+05
6.194121600000000326e+05
6.194325000000000000e+05
6.194536800000000512e+05
6.194778000000000466e+05
6.195439200000000419e+05
6.195731400000000140e+05
6.196086600000000326e+05
6.196565400000000373e+05
6.196772399999999907e+05
6.197059799999999814e+05
6.197549399999999441e+05
6.197792399999999907e+05
6.198502800000000279e+05
6.198918599999999860e+05
6.199433399999999674e+05
6.200069399999999441e+05
6.200231400000000140e+05
6.200371199999999953e+05
6.200480999999999767e+05
6.201013199999999488e+05
6.201251999999999534e+05
6.201518399999999674e+05
6.201648000000000466e+05
6.202309200000000419e+05
6.202444200000000419e+05
6.202746600000000326e+05
6.203385600000000559e+05
6.203932800000000279e+05
6.204055200000000186e+05
6.204524399999999441e+05
6.205119000000000233e+05
6.205751400000000140e+05
6.281290799999999581e+05
6.282242399999999907e+05
6.384124799999999814e+05
6.384659399999999441e+05
6.385400400000000373e+05
6.385854000000000233e+05
6.386506199999999953e+05
6.386854200000000419e+05
6.387746400000000140e+05
6.388595999999999767e+05
6.389165999999999767e+05
6.389420999999999767e+05
6.389722199999999721e+05
6.389983199999999488e+05
6.390151199999999953e+05
6.390284399999999441e+05
6.390435600000000559e+05
6.390648000000000466e+05
6.390759599999999627e+05
6.390900600000000559e+05
6.391001999999999534e+05
6.391119599999999627e+05
6.391314000000000233e+05
6.391420200000000186e+05
6.391564200000000419e+05
6.392062800000000279e+05
6.392253000000000466e+05
6.392490600000000559e+05
6.392605200000000186e+05
6.392707199999999721e+05
6.393043800000000047e+05
6.393259200000000419e+05
6.393894599999999627e+05
6.394111800000000512e+05
6.394395000000000000e+05
6.394815000000000000e+05
6.395180999999999767e+05
6.395321999999999534e+05
6.395775600000000559e+05
6.396103199999999488e+05
6.396368399999999674e+05
6.396508199999999488e+05
6.396675600000000559e+05
6.396844200000000419e+05
6.397310999999999767e+05
6.397946999999999534e+05
6.398175600000000559e+05
6.398310600000000559e+05
6.398482800000000279e+05
6.398678399999999674e+05
6.399655200000000186e+05
6.400042800000000279e+05
6.400142399999999907e+05
6.400391999999999534e+05
7.558027800000000279e+05
7.689337199999999721e+05
7.691707800000000279e+05
7.692229799999999814e+05
7.692882600000000093e+05
7.693069200000000419e+05
7.693271400000000140e+05
7.693619399999999441e+05
7.693898399999999674e+05
7.694218199999999488e+05
7.694602199999999721e+05
7.694779200000000419e+05
7.695113399999999674e+05
7.695420600000000559e+05
7.695706800000000512e+05
7.695774000000000233e+05
7.695872399999999907e+05
7.696218000000000466e+05
7.696329599999999627e+05
7.698373199999999488e+05
7.699037399999999907e+05
7.699408199999999488e+05
7.699529399999999441e+05
7.701048599999999860e+05
7.702047600000000093e+05
7.702860600000000559e+05
7.703626800000000512e+05
7.704283199999999488e+05
7.705276199999999953e+05
7.716010200000000186e+05
7.732966199999999953e+05
7.733893800000000047e+05
8.213953199999999488e+05
8.282554200000000419e+05
8.289309000000000233e+05
8.290059000000000233e+05
8.290420799999999581e+05
8.291645999999999767e+05
8.292174599999999627e+05
8.292418800000000047e+05
8.292708000000000466e+05
8.293171199999999953e+05
8.293260600000000559e+05
8.293645200000000186e+05
8.293979399999999441e+05
8.294159399999999441e+05
8.294680799999999581e+05
8.294864399999999441e+05
8.295072600000000093e+05
8.295766800000000512e+05
8.296325999999999767e+05
8.296527600000000093e+05
8.296865999999999767e+05
8.296953000000000466e+05
8.297054399999999441e+05
8.297401800000000512e+05
8.297739599999999627e+05
8.298320400000000373e+05
8.298499799999999814e+05
8.298753000000000466e+05
8.298859200000000419e+05
8.298988199999999488e+05
8.299087199999999721e+05
8.299186800000000512e+05
8.299607399999999907e+05
8.299833599999999860e+05
8.300047800000000279e+05
8.300169000000000233e+05
8.300478000000000466e+05
8.300567399999999907e+05
8.300673000000000466e+05
8.300789399999999441e+05
8.301041400000000140e+05
8.301371400000000140e+05
8.301527399999999907e+05
8.301634200000000419e+05
8.301735600000000559e+05
8.302200600000000559e+05
8.302297199999999721e+05
8.302420799999999581e+05
8.303098800000000047e+05
8.303299200000000419e+05
8.303595000000000000e+05
8.304076199999999953e+05
8.304491999999999534e+05
8.304778199999999488e+05
8.304905400000000373e+05
8.305008599999999860e+05
8.305250999999999767e+05
8.305531199999999953e+05
8.305831800000000512e+05
8.306058000000000466e+05
8.306271600000000326e+05
8.306730600000000559e+05
8.307233399999999674e+05
8.307338399999999674e+05
8.307632399999999907e+05
8.308150200000000186e+05
8.308316999999999534e+05
8.308496400000000140e+05
8.308638599999999860e+05
8.309071199999999953e+05
8.309344799999999814e+05
8.309578800000000047e+05
8.309668199999999488e+05
8.309920200000000186e+05
8.310161999999999534e+05
8.310430200000000186e+05
8.310611999999999534e+05
8.310840600000000559e+05
8.311132199999999721e+05
8.311267800000000279e+05
8.311418399999999674e+05
8.311544399999999441e+05
8.312304599999999627e+05
8.312549399999999441e+05
8.312803800000000047e+05
8.312964599999999627e+05
8.313275999999999767e+05
8.313545999999999767e+05
8.313817800000000279e+05
8.314063800000000047e+05
8.314222199999999721e+05
8.314755000000000000e+05
8.315052600000000093e+05
8.315368199999999488e+05
8.315600999999999767e+05
8.316549000000000233e+05
8.316765600000000559e+05
8.317655999999999767e+05
8.318407199999999721e+05
8.319236400000000140e+05
8.319609599999999627e+05
8.469408000000000466e+05
8.477113199999999488e+05
8.639137199999999721e+05
8.640127199999999721e+05
8.686141800000000512e+05
8.690260200000000186e+05
8.694560999999999767e+05
8.701800600000000559e+05
8.705487600000000093e+05
8.711758199999999488e+05
8.713111199999999953e+05
8.715330600000000559e+05
8.716767600000000093e+05
8.717978399999999674e+05
8.718309000000000233e+05
8.720363399999999674e+05
8.721115799999999581e+05
8.722639799999999814e+05
8.722995600000000559e+05
8.723455799999999581e+05
8.724313800000000047e+05
8.725011600000000326e+05
8.725407600000000093e+05
8.725624200000000419e+05
8.725788599999999860e+05
8.726117399999999907e+05
8.726636400000000140e+05
8.726930400000000373e+05
8.727167399999999907e+05
8.727297600000000093e+05
8.727414599999999627e+05
8.727613199999999488e+05
8.727839399999999441e+05
8.727948599999999860e+05
8.728564200000000419e+05
8.729565600000000559e+05
8.729865000000000000e+05
8.730279000000000233e+05
8.730665999999999767e+05
8.731595400000000373e+05
8.732054399999999441e+05
8.732402399999999907e+05
8.732556600000000326e+05
8.734891199999999953e+05
8.743522199999999721e+05
8.745224399999999441e+05
8.747060999999999767e+05
8.748589799999999814e+05
8.748804000000000233e+05
8.749183199999999488e+05
8.749413000000000466e+05
