4.000350000000000250e+01
4.001449999999999818e+01
4.010399999999999920e+01
4.011599999999999966e+01
4.039099999999999824e+01
4.048349999999999937e+01
4.049199999999999733e+01
4.065500000000000114e+01
4.073749999999999716e+01
4.082450000000000045e+01
4.085150000000000148e+01
4.097699999999999676e+01
4.103249999999999886e+01
4.111650000000000205e+01
4.119050000000000011e+01
4.121450000000000102e+01
4.125300000000000011e+01
4.131850000000000023e+01
4.134100000000000108e+01
4.134850000000000136e+01
4.135399999999999920e+01
4.136999999999999744e+01
4.139099999999999824e+01
4.140400000000000347e+01
4.142499999999999716e+01
4.144100000000000250e+01
4.146249999999999858e+01
4.147599999999999909e+01
4.148400000000000176e+01
4.148949999999999960e+01
4.151200000000000045e+01
4.152100000000000080e+01
4.154350000000000165e+01
4.155199999999999960e+01
4.156600000000000250e+01
4.159749999999999659e+01
4.160649999999999693e+01
4.162100000000000222e+01
4.163049999999999784e+01
4.164500000000000313e+01
4.165400000000000347e+01
4.166899999999999693e+01
4.167849999999999966e+01
4.168750000000000000e+01
4.169350000000000023e+01
4.172800000000000153e+01
4.173700000000000188e+01
4.174399999999999977e+01
4.175350000000000250e+01
4.181499999999999773e+01
4.185150000000000148e+01
4.192249999999999943e+01
4.194350000000000023e+01
4.196200000000000330e+01
4.200249999999999773e+01
4.202499999999999858e+01
4.204749999999999943e+01
4.205449999999999733e+01
4.206550000000000011e+01
4.208599999999999852e+01
4.209700000000000131e+01
4.211749999999999972e+01
4.212850000000000250e+01
4.214150000000000063e+01
4.215250000000000341e+01
4.216199999999999903e+01
4.217499999999999716e+01
4.218599999999999994e+01
4.219800000000000040e+01
4.224750000000000227e+01
4.226100000000000279e+01
4.227450000000000330e+01
4.228549999999999898e+01
4.229899999999999949e+01
4.235799999999999699e+01
4.239450000000000074e+01
4.240800000000000125e+01
4.245750000000000313e+01
4.248499999999999943e+01
4.252400000000000091e+01
4.256099999999999994e+01
4.258950000000000102e+01
4.264399999999999835e+01
4.265749999999999886e+01
4.267249999999999943e+01
4.271699999999999875e+01
4.273299999999999699e+01
4.276500000000000057e+01
4.278099999999999881e+01
4.279849999999999710e+01
4.281550000000000011e+01
4.285249999999999915e+01
4.287299999999999756e+01
4.291649999999999920e+01
4.499900000000000233e+01
4.503499999999999659e+01
4.506700000000000017e+01
4.509649999999999892e+01
4.512449999999999761e+01
4.515299999999999869e+01
4.517900000000000205e+01
4.520550000000000068e+01
4.525500000000000256e+01
4.527799999999999869e+01
4.530199999999999960e+01
4.532399999999999807e+01
4.534700000000000131e+01
4.541049999999999898e+01
4.549049999999999727e+01
4.556450000000000244e+01
4.563900000000000290e+01
4.571150000000000091e+01
4.627499999999999858e+01
4.634049999999999869e+01
4.655550000000000210e+01
4.659000000000000341e+01
4.704899999999999949e+01
4.727400000000000091e+01
4.730349999999999966e+01
4.744500000000000028e+01
4.747849999999999682e+01
4.750800000000000267e+01
4.764750000000000085e+01
4.768099999999999739e+01
4.784599999999999653e+01
4.785549999999999926e+01
4.786449999999999960e+01
4.789050000000000296e+01
4.793599999999999994e+01
4.836350000000000193e+01
4.839450000000000074e+01
4.842150000000000176e+01
4.844749999999999801e+01
4.849300000000000210e+01
4.887599999999999767e+01
4.905550000000000210e+01
4.908350000000000080e+01
4.920799999999999841e+01
4.942000000000000171e+01
4.947249999999999659e+01
4.966599999999999682e+01
4.983899999999999864e+01
5.029099999999999682e+01
5.031499999999999773e+01
5.033599999999999852e+01
5.056199999999999761e+01
5.091799999999999926e+01
5.134400000000000119e+01
5.148400000000000176e+01
5.175500000000000256e+01
5.180850000000000222e+01
5.182999999999999829e+01
5.195000000000000284e+01
5.286249999999999716e+01
5.304099999999999682e+01
5.335699999999999932e+01
5.367150000000000176e+01
5.409749999999999659e+01
5.441049999999999898e+01
5.443650000000000233e+01
5.458749999999999858e+01
5.461249999999999716e+01
5.494899999999999807e+01
5.680550000000000210e+01
5.682249999999999801e+01
5.685049999999999670e+01
5.687149999999999750e+01
5.688300000000000267e+01
5.689000000000000057e+01
5.690100000000000335e+01
5.694599999999999795e+01
5.695199999999999818e+01
5.697249999999999659e+01
5.699049999999999727e+01
5.701449999999999818e+01
5.704350000000000165e+01
5.705749999999999744e+01
5.708149999999999835e+01
5.708950000000000102e+01
5.710150000000000148e+01
5.710949999999999704e+01
5.711699999999999733e+01
5.713000000000000256e+01
5.715849999999999653e+01
5.717999999999999972e+01
5.719350000000000023e+01
5.720150000000000290e+01
5.721600000000000108e+01
5.722399999999999665e+01
5.723850000000000193e+01
5.726100000000000279e+01
5.726950000000000074e+01
5.728099999999999881e+01
5.730149999999999721e+01
5.731049999999999756e+01
5.731300000000000239e+01
5.732350000000000279e+01
5.733899999999999864e+01
5.738499999999999801e+01
5.740100000000000335e+01
5.743750000000000000e+01
5.746450000000000102e+01
5.754699999999999704e+01
5.758400000000000318e+01
5.773349999999999937e+01
5.853450000000000131e+01
5.857500000000000284e+01
5.900150000000000006e+01
5.931550000000000011e+01
5.938949999999999818e+01
5.977300000000000324e+01
6.059499999999999886e+01
6.094400000000000261e+01
6.097399999999999665e+01
6.117600000000000193e+01
6.143149999999999977e+01
6.178099999999999881e+01
6.416599999999999682e+01
6.424800000000000466e+01
6.426149999999999807e+01
6.427299999999999613e+01
6.428249999999999886e+01
6.429349999999999454e+01
6.431350000000000477e+01
6.432500000000000284e+01
6.433599999999999852e+01
6.437900000000000489e+01
6.438800000000000523e+01
6.440500000000000114e+01
6.442650000000000432e+01
6.443949999999999534e+01
6.444650000000000034e+01
6.446550000000000580e+01
6.448449999999999704e+01
6.448950000000000671e+01
6.449699999999999989e+01
6.450400000000000489e+01
6.450900000000000034e+01
6.451649999999999352e+01
6.452349999999999852e+01
6.453650000000000375e+01
6.454900000000000659e+01
6.455349999999999966e+01
6.455800000000000693e+01
6.456350000000000477e+01
6.457099999999999795e+01
6.457550000000000523e+01
6.457999999999999829e+01
6.458450000000000557e+01
6.458899999999999864e+01
6.459350000000000591e+01
6.459799999999999898e+01
6.460250000000000625e+01
6.460699999999999932e+01
6.461150000000000659e+01
6.461599999999999966e+01
6.462050000000000693e+01
6.462500000000000000e+01
6.462949999999999307e+01
6.463400000000000034e+01
6.463849999999999341e+01
6.464300000000000068e+01
6.464749999999999375e+01
6.465200000000000102e+01
6.465649999999999409e+01
6.466100000000000136e+01
6.466549999999999443e+01
6.467000000000000171e+01
6.467449999999999477e+01
6.467900000000000205e+01
6.468349999999999511e+01
6.468800000000000239e+01
6.469249999999999545e+01
6.469700000000000273e+01
6.470149999999999579e+01
6.470600000000000307e+01
6.471049999999999613e+01
6.471500000000000341e+01
6.471949999999999648e+01
6.472400000000000375e+01
6.472849999999999682e+01
6.473799999999999955e+01
6.474250000000000682e+01
6.474699999999999989e+01
6.475650000000000261e+01
6.476149999999999807e+01
6.476600000000000534e+01
6.477049999999999841e+01
6.477500000000000568e+01
6.477949999999999875e+01
6.478400000000000603e+01
6.478849999999999909e+01
6.479300000000000637e+01
6.479749999999999943e+01
6.480200000000000671e+01
6.480649999999999977e+01
6.481100000000000705e+01
6.481550000000000011e+01
6.481999999999999318e+01
6.482450000000000045e+01
6.482899999999999352e+01
6.483549999999999613e+01
6.484650000000000603e+01
6.485099999999999909e+01
6.485550000000000637e+01
6.485999999999999943e+01
6.486450000000000671e+01
6.488299999999999557e+01
6.489050000000000296e+01
6.491549999999999443e+01
6.492149999999999466e+01
6.493099999999999739e+01
6.493949999999999534e+01
6.495550000000000068e+01
6.496399999999999864e+01
6.497100000000000364e+01
6.501449999999999818e+01
6.502049999999999841e+01
6.504949999999999477e+01
6.505649999999999977e+01
6.506650000000000489e+01
6.508549999999999613e+01
6.509250000000000114e+01
6.511249999999999716e+01
6.512149999999999750e+01
6.512850000000000250e+01
6.513899999999999579e+01
6.514849999999999852e+01
6.515550000000000352e+01
6.517549999999999955e+01
6.518250000000000455e+01
6.519350000000000023e+01
6.520250000000000057e+01
6.520950000000000557e+01
6.522050000000000125e+01
6.523050000000000637e+01
6.523699999999999477e+01
6.524750000000000227e+01
6.527649999999999864e+01
6.528749999999999432e+01
6.529699999999999704e+01
6.532850000000000534e+01
6.535099999999999909e+01
6.537350000000000705e+01
6.541400000000000148e+01
6.544549999999999557e+01
6.546649999999999636e+01
6.547950000000000159e+01
6.549150000000000205e+01
6.550100000000000477e+01
6.551449999999999818e+01
6.552599999999999625e+01
6.553700000000000614e+01
6.554999999999999716e+01
6.557299999999999329e+01
6.563599999999999568e+01
6.565800000000000125e+01
6.567000000000000171e+01
6.568349999999999511e+01
6.569700000000000273e+01
6.570850000000000080e+01
6.574649999999999750e+01
6.578449999999999420e+01
6.579850000000000421e+01
6.581199999999999761e+01
6.583700000000000330e+01
6.586199999999999477e+01
6.587600000000000477e+01
6.590149999999999864e+01
6.591549999999999443e+01
6.592650000000000432e+01
6.596750000000000114e+01
6.598199999999999932e+01
6.599649999999999750e+01
6.601000000000000512e+01
6.603799999999999670e+01
6.605299999999999727e+01
6.612850000000000250e+01
6.614499999999999602e+01
6.617799999999999727e+01
6.627100000000000080e+01
6.629349999999999454e+01
6.631650000000000489e+01
6.699200000000000443e+01
6.703600000000000136e+01
6.744899999999999807e+01
6.751500000000000057e+01
6.768800000000000239e+01
6.802450000000000330e+01
7.001149999999999807e+01
7.003600000000000136e+01
7.005800000000000693e+01
7.015850000000000364e+01
7.019350000000000023e+01
7.020950000000000557e+01
7.022599999999999909e+01
7.024099999999999966e+01
7.026999999999999602e+01
7.030849999999999511e+01
7.034350000000000591e+01
7.035599999999999454e+01
7.037749999999999773e+01
7.040049999999999386e+01
7.043200000000000216e+01
7.048650000000000659e+01
7.056600000000000250e+01
7.060850000000000648e+01
7.086150000000000659e+01
7.089499999999999602e+01
7.092449999999999477e+01
7.118300000000000693e+01
7.131350000000000477e+01
7.149299999999999500e+01
7.152599999999999625e+01
7.155500000000000682e+01
7.190099999999999625e+01
7.206149999999999523e+01
7.209399999999999409e+01
7.223850000000000193e+01
7.258299999999999841e+01
7.277800000000000580e+01
7.280599999999999739e+01
7.324399999999999977e+01
7.343250000000000455e+01
7.364749999999999375e+01
7.367499999999999716e+01
7.382899999999999352e+01
7.386050000000000182e+01
7.388800000000000523e+01
7.407200000000000273e+01
7.425100000000000477e+01
7.445950000000000557e+01
7.449049999999999727e+01
7.451749999999999829e+01
7.472450000000000614e+01
7.482450000000000045e+01
7.494599999999999795e+01
7.539050000000000296e+01
7.542100000000000648e+01
7.558650000000000091e+01
7.561599999999999966e+01
7.577750000000000341e+01
7.580700000000000216e+01
7.583249999999999602e+01
7.603849999999999909e+01
7.606449999999999534e+01
7.620099999999999341e+01
7.625549999999999784e+01
7.638949999999999818e+01
7.641849999999999454e+01
7.657750000000000057e+01
7.660649999999999693e+01
7.681999999999999318e+01
7.700849999999999795e+01
7.714300000000000068e+01
7.717199999999999704e+01
7.719700000000000273e+01
7.748749999999999716e+01
7.775749999999999318e+01
7.788549999999999329e+01
7.827800000000000580e+01
7.837550000000000239e+01
7.849699999999999989e+01
7.861899999999999977e+01
7.864350000000000307e+01
7.874150000000000205e+01
7.876600000000000534e+01
7.888899999999999579e+01
7.901200000000000045e+01
7.911050000000000182e+01
7.913500000000000512e+01
7.923350000000000648e+01
7.925799999999999557e+01
7.935649999999999693e+01
7.938100000000000023e+01
7.950400000000000489e+01
7.960299999999999443e+01
7.972650000000000148e+01
7.984999999999999432e+01
7.987399999999999523e+01
7.997350000000000136e+01
7.999750000000000227e+01
8.009699999999999420e+01
8.022050000000000125e+01
8.034399999999999409e+01
8.036750000000000682e+01
8.071399999999999864e+01
8.108350000000000080e+01
8.120650000000000546e+01
8.135250000000000625e+01
8.145300000000000296e+01
8.182250000000000512e+01
8.184499999999999886e+01
8.196800000000000352e+01
8.209099999999999397e+01
8.219199999999999307e+01
8.221399999999999864e+01
8.231499999999999773e+01
8.233700000000000330e+01
8.268449999999999989e+01
8.280750000000000455e+01
8.293049999999999500e+01
8.305349999999999966e+01
8.307500000000000284e+01
8.329900000000000659e+01
8.344299999999999784e+01
8.354449999999999932e+01
8.368850000000000477e+01
8.381149999999999523e+01
8.391299999999999670e+01
8.393399999999999750e+01
8.415850000000000364e+01
8.428100000000000591e+01
8.442449999999999477e+01
8.452649999999999864e+01
8.467000000000000171e+01
8.477200000000000557e+01
8.479250000000000398e+01
8.489449999999999363e+01
8.491500000000000625e+01
8.501699999999999591e+01
8.503749999999999432e+01
8.513949999999999818e+01
8.526200000000000045e+01
8.528249999999999886e+01
8.540500000000000114e+01
8.552750000000000341e+01
8.565000000000000568e+01
8.577249999999999375e+01
8.624200000000000443e+01
8.626200000000000045e+01
8.648650000000000659e+01
8.650650000000000261e+01
8.660899999999999466e+01
8.675100000000000477e+01
8.685349999999999682e+01
8.699550000000000693e+01
8.709799999999999898e+01
8.722050000000000125e+01
8.734300000000000352e+01
8.746550000000000580e+01
8.758799999999999386e+01
8.783249999999999602e+01
8.785200000000000387e+01
8.807699999999999818e+01
8.809650000000000603e+01
8.832150000000000034e+01
8.834099999999999397e+01
8.856600000000000250e+01
8.858549999999999613e+01
8.881050000000000466e+01
8.895199999999999818e+01
8.905500000000000682e+01
8.919650000000000034e+01
8.929949999999999477e+01
8.944100000000000250e+01
8.954399999999999693e+01
8.968550000000000466e+01
8.978849999999999909e+01
8.993000000000000682e+01
9.003300000000000125e+01
9.005200000000000671e+01
9.015500000000000114e+01
9.017400000000000659e+01
9.039950000000000330e+01
9.041849999999999454e+01
9.052150000000000318e+01
9.054049999999999443e+01
9.088800000000000523e+01
9.090699999999999648e+01
9.113249999999999318e+01
9.115149999999999864e+01
9.137699999999999534e+01
9.139600000000000080e+01
9.151800000000000068e+01
9.174349999999999739e+01
9.176250000000000284e+01
9.188450000000000273e+01
9.200650000000000261e+01
9.223199999999999932e+01
9.225100000000000477e+01
9.247650000000000148e+01
9.259850000000000136e+01
9.272050000000000125e+01
9.273950000000000671e+01
9.286150000000000659e+01
9.298350000000000648e+01
9.310550000000000637e+01
9.322750000000000625e+01
9.334950000000000614e+01
9.345300000000000296e+01
9.357500000000000284e+01
9.369700000000000273e+01
9.381900000000000261e+01
9.395999999999999375e+01
9.406350000000000477e+01
9.418550000000000466e+01
9.430750000000000455e+01
9.444849999999999568e+01
9.457049999999999557e+01
9.467400000000000659e+01
9.479600000000000648e+01
9.493699999999999761e+01
9.505899999999999750e+01
9.516249999999999432e+01
9.528449999999999420e+01
9.530299999999999727e+01
9.540649999999999409e+01
9.552849999999999397e+01
9.566949999999999932e+01
9.591349999999999909e+01
9.601699999999999591e+01
9.613899999999999579e+01
9.626099999999999568e+01
9.627949999999999875e+01
9.638299999999999557e+01
9.652400000000000091e+01
9.662749999999999773e+01
9.674949999999999761e+01
9.687149999999999750e+01
9.689000000000000057e+01
9.699349999999999739e+01
9.713450000000000273e+01
9.723799999999999955e+01
9.735999999999999943e+01
9.748199999999999932e+01
9.750050000000000239e+01
9.760399999999999920e+01
9.774500000000000455e+01
9.784850000000000136e+01
9.797050000000000125e+01
9.809250000000000114e+01
9.811100000000000421e+01
9.821450000000000102e+01
9.835550000000000637e+01
9.845900000000000318e+01
9.858100000000000307e+01
9.870300000000000296e+01
9.872150000000000603e+01
9.882500000000000284e+01
9.896599999999999397e+01
9.906950000000000500e+01
9.919150000000000489e+01
9.920999999999999375e+01
9.931350000000000477e+01
9.945449999999999591e+01
9.955800000000000693e+01
9.969899999999999807e+01
9.982099999999999795e+01
1.000649999999999977e+02
1.001689999999999969e+02
1.003100000000000023e+02
1.004320000000000022e+02
1.006760000000000019e+02
1.007789999999999964e+02
1.009200000000000017e+02
1.010420000000000016e+02
1.012860000000000014e+02
1.013900000000000006e+02
1.015310000000000059e+02
1.016530000000000058e+02
1.018970000000000056e+02
1.020000000000000000e+02
1.021410000000000053e+02
1.022630000000000052e+02
1.025070000000000050e+02
1.026110000000000042e+02
1.027519999999999953e+02
1.028739999999999952e+02
1.031179999999999950e+02
1.032210000000000036e+02
1.033619999999999948e+02
1.034839999999999947e+02
1.037279999999999944e+02
1.038319999999999936e+02
1.039729999999999990e+02
1.040949999999999989e+02
1.043389999999999986e+02
1.044419999999999931e+02
1.045829999999999984e+02
1.047049999999999983e+02
1.049489999999999981e+02
1.050529999999999973e+02
1.051940000000000026e+02
1.053160000000000025e+02
1.055600000000000023e+02
1.056629999999999967e+02
1.058040000000000020e+02
1.059260000000000019e+02
1.061700000000000017e+02
1.062740000000000009e+02
1.064150000000000063e+02
1.065370000000000061e+02
1.067810000000000059e+02
1.068840000000000003e+02
1.070250000000000057e+02
1.071470000000000056e+02
1.073910000000000053e+02
1.074950000000000045e+02
1.076359999999999957e+02
1.077579999999999956e+02
1.080019999999999953e+02
1.081050000000000040e+02
1.082459999999999951e+02
1.083679999999999950e+02
1.086119999999999948e+02
1.087159999999999940e+02
1.088569999999999993e+02
1.089789999999999992e+02
1.092229999999999990e+02
1.093259999999999934e+02
1.094669999999999987e+02
1.095889999999999986e+02
1.098329999999999984e+02
1.099369999999999976e+02
1.100780000000000030e+02
1.102000000000000028e+02
1.104440000000000026e+02
1.105469999999999970e+02
1.106880000000000024e+02
1.108100000000000023e+02
1.110540000000000020e+02
1.111580000000000013e+02
1.112990000000000066e+02
1.114210000000000065e+02
1.116650000000000063e+02
1.117680000000000007e+02
1.119090000000000060e+02
1.120310000000000059e+02
1.122750000000000057e+02
1.123790000000000049e+02
1.125199999999999960e+02
1.126419999999999959e+02
1.128859999999999957e+02
1.129890000000000043e+02
1.131299999999999955e+02
1.132519999999999953e+02
1.134959999999999951e+02
1.135999999999999943e+02
1.137409999999999997e+02
1.138629999999999995e+02
1.141069999999999993e+02
1.142099999999999937e+02
1.143509999999999991e+02
1.144729999999999990e+02
1.147169999999999987e+02
1.148209999999999980e+02
1.149620000000000033e+02
1.150840000000000032e+02
1.153280000000000030e+02
1.154309999999999974e+02
1.155720000000000027e+02
1.156940000000000026e+02
1.159380000000000024e+02
1.160420000000000016e+02
1.161830000000000069e+02
1.163050000000000068e+02
1.165490000000000066e+02
1.166520000000000010e+02
1.167930000000000064e+02
1.169150000000000063e+02
1.171590000000000060e+02
1.172630000000000052e+02
1.174039999999999964e+02
1.175259999999999962e+02
1.177699999999999960e+02
1.178730000000000047e+02
1.180139999999999958e+02
1.181359999999999957e+02
1.183799999999999955e+02
1.184839999999999947e+02
1.186250000000000000e+02
1.187469999999999999e+02
1.189909999999999997e+02
1.190939999999999941e+02
1.192349999999999994e+02
1.193569999999999993e+02
1.196009999999999991e+02
1.197049999999999983e+02
1.198460000000000036e+02
1.199680000000000035e+02
1.202120000000000033e+02
1.203149999999999977e+02
1.204560000000000031e+02
1.205780000000000030e+02
1.208220000000000027e+02
1.209260000000000019e+02
1.210669999999999931e+02
1.211889999999999930e+02
1.214330000000000069e+02
1.215360000000000014e+02
1.216770000000000067e+02
1.217990000000000066e+02
1.220430000000000064e+02
1.221470000000000056e+02
1.222879999999999967e+02
1.224099999999999966e+02
1.226539999999999964e+02
1.227570000000000050e+02
1.228979999999999961e+02
1.230199999999999960e+02
1.232639999999999958e+02
1.233679999999999950e+02
1.235090000000000003e+02
1.236310000000000002e+02
1.238750000000000000e+02
1.239779999999999944e+02
1.241189999999999998e+02
1.242409999999999997e+02
1.244849999999999994e+02
1.245889999999999986e+02
1.247300000000000040e+02
1.248520000000000039e+02
1.250960000000000036e+02
1.251989999999999981e+02
1.253400000000000034e+02
1.254620000000000033e+02
1.257060000000000031e+02
1.258100000000000023e+02
1.259509999999999934e+02
1.260729999999999933e+02
1.263169999999999931e+02
1.264200000000000017e+02
1.265610000000000070e+02
1.266830000000000069e+02
1.269270000000000067e+02
1.270310000000000059e+02
1.271719999999999970e+02
1.272939999999999969e+02
1.275379999999999967e+02
1.276410000000000053e+02
1.277819999999999965e+02
1.279039999999999964e+02
1.281479999999999961e+02
1.282520000000000095e+02
1.283930000000000007e+02
1.285149999999999864e+02
1.287580000000000098e+02
1.288619999999999948e+02
1.290029999999999859e+02
1.291250000000000000e+02
1.293689999999999998e+02
1.294730000000000132e+02
1.296140000000000043e+02
1.297359999999999900e+02
1.299799999999999898e+02
1.300829999999999984e+02
1.302239999999999895e+02
1.303460000000000036e+02
1.305900000000000034e+02
1.306939999999999884e+02
1.308350000000000080e+02
1.309569999999999936e+02
1.312009999999999934e+02
1.313040000000000020e+02
1.314449999999999932e+02
1.315670000000000073e+02
1.318110000000000070e+02
1.319149999999999920e+02
1.320560000000000116e+02
1.321779999999999973e+02
1.324219999999999970e+02
1.325250000000000057e+02
1.326659999999999968e+02
1.327880000000000109e+02
1.330320000000000107e+02
1.331359999999999957e+02
1.332769999999999868e+02
1.333990000000000009e+02
1.336430000000000007e+02
1.337460000000000093e+02
1.338870000000000005e+02
1.340089999999999861e+02
1.342529999999999859e+02
1.343569999999999993e+02
1.344979999999999905e+02
1.346200000000000045e+02
1.348640000000000043e+02
1.349670000000000130e+02
1.351080000000000041e+02
1.352299999999999898e+02
1.354739999999999895e+02
1.355769999999999982e+02
1.357189999999999941e+02
1.358400000000000034e+02
1.360850000000000080e+02
1.361879999999999882e+02
1.363290000000000077e+02
1.364509999999999934e+02
1.366949999999999932e+02
1.367990000000000066e+02
1.369389999999999930e+02
1.370620000000000118e+02
1.373060000000000116e+02
1.374089999999999918e+02
1.375500000000000114e+02
1.376719999999999970e+02
1.379159999999999968e+02
1.380200000000000102e+02
1.381610000000000014e+02
1.382829999999999870e+02
1.385269999999999868e+02
1.386299999999999955e+02
1.387709999999999866e+02
1.388930000000000007e+02
1.391370000000000005e+02
1.392410000000000139e+02
1.393820000000000050e+02
1.395039999999999907e+02
1.397479999999999905e+02
1.398509999999999991e+02
1.399919999999999902e+02
1.401140000000000043e+02
1.403580000000000041e+02
1.404619999999999891e+02
1.406030000000000086e+02
1.407249999999999943e+02
1.409689999999999941e+02
1.410720000000000027e+02
1.412129999999999939e+02
1.413350000000000080e+02
1.415790000000000077e+02
1.416829999999999927e+02
1.418240000000000123e+02
1.419459999999999980e+02
1.421899999999999977e+02
1.422930000000000064e+02
1.424339999999999975e+02
1.425560000000000116e+02
1.428000000000000114e+02
1.429039999999999964e+02
1.430449999999999875e+02
1.431670000000000016e+02
1.434110000000000014e+02
1.435140000000000100e+02
1.436550000000000011e+02
1.437769999999999868e+02
1.440209999999999866e+02
1.441250000000000000e+02
1.442659999999999911e+02
1.443880000000000052e+02
1.446320000000000050e+02
1.447350000000000136e+02
1.448760000000000048e+02
1.449979999999999905e+02
1.452419999999999902e+02
1.453460000000000036e+02
1.454869999999999948e+02
1.456090000000000089e+02
1.458530000000000086e+02
1.459559999999999889e+02
1.460970000000000084e+02
1.462189999999999941e+02
1.464629999999999939e+02
1.465670000000000073e+02
1.467079999999999984e+02
1.468300000000000125e+02
1.470740000000000123e+02
1.471769999999999925e+02
1.473180000000000121e+02
1.474399999999999977e+02
1.476839999999999975e+02
1.477880000000000109e+02
1.479290000000000020e+02
1.480509999999999877e+02
1.482949999999999875e+02
1.483979999999999961e+02
1.485389999999999873e+02
1.486610000000000014e+02
1.489050000000000011e+02
1.490089999999999861e+02
1.491500000000000057e+02
1.492709999999999866e+02
1.495159999999999911e+02
1.496189999999999998e+02
1.497599999999999909e+02
1.498820000000000050e+02
1.501260000000000048e+02
1.502299999999999898e+02
1.503710000000000093e+02
1.504929999999999950e+02
1.507369999999999948e+02
1.508400000000000034e+02
1.509809999999999945e+02
1.511030000000000086e+02
1.513470000000000084e+02
1.514509999999999934e+02
1.515920000000000130e+02
1.517139999999999986e+02
1.519579999999999984e+02
1.520610000000000070e+02
1.522019999999999982e+02
1.523240000000000123e+02
1.525680000000000121e+02
1.526719999999999970e+02
1.528129999999999882e+02
1.529350000000000023e+02
1.531790000000000020e+02
1.532820000000000107e+02
1.534230000000000018e+02
1.535449999999999875e+02
1.537889999999999873e+02
1.538930000000000007e+02
1.540339999999999918e+02
1.541560000000000059e+02
1.544000000000000057e+02
1.545029999999999859e+02
1.546440000000000055e+02
1.547659999999999911e+02
1.550099999999999909e+02
1.551140000000000043e+02
1.552549999999999955e+02
1.553770000000000095e+02
1.556210000000000093e+02
1.557239999999999895e+02
1.558650000000000091e+02
1.559869999999999948e+02
1.562309999999999945e+02
1.563350000000000080e+02
1.564759999999999991e+02
1.565980000000000132e+02
1.568420000000000130e+02
1.569449999999999932e+02
1.570860000000000127e+02
1.572079999999999984e+02
1.574519999999999982e+02
1.575560000000000116e+02
1.576970000000000027e+02
1.578189999999999884e+02
1.580629999999999882e+02
1.581659999999999968e+02
1.583069999999999879e+02
1.584290000000000020e+02
1.586730000000000018e+02
1.587769999999999868e+02
1.589180000000000064e+02
1.590399999999999920e+02
1.592839999999999918e+02
1.593870000000000005e+02
1.595279999999999916e+02
1.596500000000000057e+02
1.598940000000000055e+02
1.599979999999999905e+02
1.600180000000000007e+02
1.615250000000000057e+02
1.615469999999999970e+02
1.615649999999999977e+02
1.616179999999999950e+02
1.616310000000000002e+02
1.616519999999999868e+02
1.616630000000000109e+02
1.616990000000000123e+02
1.617069999999999936e+02
1.617210000000000036e+02
1.617280000000000086e+02
1.617319999999999993e+02
1.617390000000000043e+02
1.617450000000000045e+02
1.617659999999999911e+02
1.617729999999999961e+02
1.617789999999999964e+02
1.618019999999999925e+02
1.618160000000000025e+02
1.618209999999999980e+02
1.618290000000000077e+02
1.618360000000000127e+02
1.618410000000000082e+02
1.618559999999999945e+02
1.618810000000000002e+02
1.618899999999999864e+02
1.619180000000000064e+02
1.619240000000000066e+02
1.619319999999999879e+02
1.619399999999999977e+02
1.619670000000000130e+02
1.619759999999999991e+02
1.619890000000000043e+02
1.620120000000000005e+02
1.620289999999999964e+02
1.620380000000000109e+02
1.620430000000000064e+02
1.620699999999999932e+02
1.620939999999999941e+02
1.621169999999999902e+02
1.621579999999999870e+02
1.621670000000000016e+02
1.621980000000000075e+02
1.622069999999999936e+02
1.622160000000000082e+02
1.622230000000000132e+02
1.622330000000000041e+02
1.622520000000000095e+02
1.622589999999999861e+02
1.622789999999999964e+02
1.622880000000000109e+02
1.622949999999999875e+02
1.623149999999999977e+02
1.623220000000000027e+02
1.623329999999999984e+02
1.623420000000000130e+02
1.623489999999999895e+02
1.623600000000000136e+02
1.623700000000000045e+02
1.623770000000000095e+02
1.623870000000000005e+02
1.624279999999999973e+02
1.624389999999999930e+02
1.624569999999999936e+02
1.624679999999999893e+02
1.624910000000000139e+02
1.625130000000000052e+02
1.625200000000000102e+02
1.625310000000000059e+02
1.625519999999999925e+02
1.625629999999999882e+02
1.625829999999999984e+02
1.625949999999999989e+02
1.626059999999999945e+02
1.626150000000000091e+02
1.626279999999999859e+02
1.626409999999999911e+02
1.626500000000000057e+02
1.626879999999999882e+02
1.626970000000000027e+02
1.627090000000000032e+02
1.627230000000000132e+02
1.627359999999999900e+02
1.627599999999999909e+02
1.627740000000000009e+02
1.627849999999999966e+02
1.628360000000000127e+02
1.628499999999999943e+02
1.628609999999999900e+02
1.628739999999999952e+02
1.629130000000000109e+02
1.629259999999999877e+02
1.629509999999999934e+02
1.630039999999999907e+02
1.630159999999999911e+02
1.630300000000000011e+02
1.630699999999999932e+02
1.630829999999999984e+02
1.630980000000000132e+02
1.631250000000000000e+02
1.631539999999999964e+02
1.631990000000000123e+02
1.632150000000000034e+02
1.632470000000000141e+02
1.632630000000000052e+02
1.632800000000000011e+02
1.632969999999999970e+02
1.633340000000000032e+02
1.633549999999999898e+02
1.633750000000000000e+02
1.633990000000000009e+02
1.634230000000000018e+02
1.634519999999999982e+02
1.659679999999999893e+02
1.660070000000000050e+02
1.660780000000000030e+02
1.661109999999999900e+02
1.662059999999999889e+02
1.662359999999999900e+02
1.662649999999999864e+02
1.662940000000000111e+02
1.663230000000000075e+02
1.663520000000000039e+02
1.663799999999999955e+02
1.664350000000000023e+02
1.664629999999999939e+02
1.664890000000000043e+02
1.665420000000000016e+02
1.665680000000000121e+02
1.666189999999999998e+02
1.666430000000000007e+02
1.667390000000000043e+02
1.667630000000000052e+02
1.668079999999999927e+02
1.668300000000000125e+02
1.669370000000000118e+02
1.669780000000000086e+02
1.669970000000000141e+02
1.670169999999999959e+02
1.670349999999999966e+02
1.670720000000000027e+02
1.670910000000000082e+02
1.671080000000000041e+02
1.671419999999999959e+02
1.671589999999999918e+02
1.671740000000000066e+02
1.672050000000000125e+02
1.672740000000000009e+02
1.672870000000000061e+02
1.673340000000000032e+02
1.673580000000000041e+02
1.673779999999999859e+02
1.674149999999999920e+02
1.674250000000000114e+02
1.674360000000000070e+02
1.674559999999999889e+02
1.674670000000000130e+02
1.674879999999999995e+02
1.674989999999999952e+02
1.675190000000000055e+02
1.675300000000000011e+02
1.675709999999999980e+02
1.675780000000000030e+02
1.675889999999999986e+02
1.676109999999999900e+02
1.676440000000000055e+02
1.676800000000000068e+02
1.677009999999999934e+02
1.677100000000000080e+02
1.677280000000000086e+02
1.677369999999999948e+02
1.677439999999999998e+02
1.677640000000000100e+02
1.677729999999999961e+02
1.677800000000000011e+02
1.677899999999999920e+02
1.677990000000000066e+02
1.678230000000000075e+02
1.678300000000000125e+02
1.678629999999999995e+02
1.678720000000000141e+02
1.678810000000000002e+02
1.679050000000000011e+02
1.679110000000000014e+02
1.679370000000000118e+02
1.679430000000000121e+02
1.679530000000000030e+02
1.679850000000000136e+02
1.679910000000000139e+02
1.680339999999999918e+02
1.680430000000000064e+02
1.680519999999999925e+02
1.680929999999999893e+02
1.681020000000000039e+02
1.681330000000000098e+02
1.681419999999999959e+02
1.681510000000000105e+02
1.681579999999999870e+02
1.682290000000000134e+02
1.682659999999999911e+02
1.683760000000000048e+02
1.683849999999999909e+02
1.683930000000000007e+02
1.684029999999999916e+02
1.684660000000000082e+02
1.684890000000000043e+02
1.684960000000000093e+02
1.685070000000000050e+02
1.685269999999999868e+02
1.685380000000000109e+02
1.685589999999999975e+02
1.686189999999999998e+02
1.686279999999999859e+02
1.686670000000000016e+02
1.686759999999999877e+02
1.687239999999999895e+02
1.687640000000000100e+02
1.687760000000000105e+02
1.687899999999999920e+02
1.688029999999999973e+02
1.688280000000000030e+02
1.688520000000000039e+02
1.688660000000000139e+02
1.688909999999999911e+02
1.689290000000000020e+02
1.689569999999999936e+02
1.689679999999999893e+02
1.689819999999999993e+02
1.690329999999999870e+02
1.691009999999999991e+02
1.691289999999999907e+02
1.691440000000000055e+02
1.691740000000000066e+02
1.691879999999999882e+02
1.692510000000000048e+02
1.693029999999999973e+02
1.693410000000000082e+02
1.693820000000000050e+02
1.694039999999999964e+02
1.720560000000000116e+02
1.721049999999999898e+02
1.721920000000000073e+02
1.722319999999999993e+02
1.723470000000000084e+02
1.724879999999999995e+02
1.725550000000000068e+02
1.727150000000000034e+02
1.727460000000000093e+02
1.727760000000000105e+02
1.728950000000000102e+02
1.729240000000000066e+02
1.730109999999999957e+02
1.730409999999999968e+02
1.731250000000000000e+02
1.731529999999999916e+02
1.732340000000000089e+02
1.732620000000000005e+02
1.733400000000000034e+02
1.733660000000000139e+02
1.734670000000000130e+02
1.734910000000000139e+02
1.735649999999999977e+02
1.735879999999999939e+02
1.736579999999999870e+02
1.736800000000000068e+02
1.737249999999999943e+02
1.737690000000000055e+02
1.738120000000000118e+02
1.738750000000000000e+02
1.738950000000000102e+02
1.739149999999999920e+02
1.739339999999999975e+02
1.739540000000000077e+02
1.739730000000000132e+02
1.740099999999999909e+02
1.740970000000000084e+02
1.741740000000000066e+02
1.742750000000000057e+02
1.743209999999999980e+02
1.743540000000000134e+02
1.743660000000000139e+02
1.743779999999999859e+02
1.743880000000000052e+02
1.743990000000000009e+02
1.744300000000000068e+02
1.744619999999999891e+02
1.744929999999999950e+02
1.745250000000000057e+02
1.745320000000000107e+02
1.745430000000000064e+02
1.745829999999999984e+02
1.746059999999999945e+02
1.746279999999999859e+02
1.746390000000000100e+02
1.746579999999999870e+02
1.746690000000000111e+02
1.746790000000000020e+02
1.746860000000000070e+02
1.746970000000000027e+02
1.747520000000000095e+02
1.747779999999999916e+02
1.748139999999999930e+02
1.748290000000000077e+02
1.748389999999999986e+02
1.748779999999999859e+02
1.748880000000000052e+02
1.749120000000000061e+02
1.749209999999999923e+02
1.749269999999999925e+02
1.749610000000000127e+02
1.749699999999999989e+02
1.749790000000000134e+02
1.749879999999999995e+02
1.750380000000000109e+02
1.750469999999999970e+02
1.750780000000000030e+02
1.750869999999999891e+02
1.750960000000000036e+02
1.751030000000000086e+02
1.751279999999999859e+02
1.751370000000000005e+02
1.751459999999999866e+02
1.751529999999999916e+02
1.751879999999999882e+02
1.752150000000000034e+02
1.752779999999999916e+02
1.753429999999999893e+02
1.753799999999999955e+02
1.753890000000000100e+02
1.754519999999999982e+02
1.754739999999999895e+02
1.755149999999999864e+02
1.755459999999999923e+02
1.755670000000000073e+02
1.755800000000000125e+02
1.755920000000000130e+02
1.756630000000000109e+02
1.756740000000000066e+02
1.757369999999999948e+02
1.757489999999999952e+02
1.757620000000000005e+02
1.758100000000000023e+02
1.758240000000000123e+02
1.758369999999999891e+02
1.758600000000000136e+02
1.758739999999999952e+02
1.758979999999999961e+02
1.759120000000000061e+02
1.759230000000000018e+02
1.759610000000000127e+02
1.759890000000000043e+02
1.760000000000000000e+02
1.760140000000000100e+02
1.760649999999999977e+02
1.761330000000000098e+02
1.761610000000000014e+02
1.761759999999999877e+02
1.762059999999999889e+02
1.762199999999999989e+02
1.762829999999999870e+02
1.763350000000000080e+02
1.763729999999999905e+02
1.764900000000000091e+02
1.793199999999999932e+02
1.794430000000000121e+02
1.794819999999999993e+02
1.795560000000000116e+02
1.795920000000000130e+02
1.796279999999999859e+02
1.796970000000000027e+02
1.797640000000000100e+02
1.798930000000000007e+02
1.800029999999999859e+02
1.800120000000000005e+02
1.800360000000000014e+02
1.800620000000000118e+02
1.800960000000000036e+02
1.801239999999999952e+02
1.801500000000000057e+02
1.801680000000000064e+02
1.801819999999999879e+02
1.801980000000000075e+02
1.802129999999999939e+02
1.802479999999999905e+02
1.802659999999999911e+02
1.802829999999999870e+02
1.803079999999999927e+02
1.803269999999999982e+02
1.806469999999999914e+02
1.808290000000000077e+02
1.808549999999999898e+02
1.809639999999999986e+02
1.809759999999999991e+02
1.811450000000000102e+02
1.812570000000000050e+02
1.813520000000000039e+02
1.813969999999999914e+02
1.814660000000000082e+02
1.816949999999999932e+02
1.817640000000000100e+02
1.818069999999999879e+02
1.818729999999999905e+02
1.818959999999999866e+02
1.819639999999999986e+02
1.819910000000000139e+02
1.820060000000000002e+02
1.820939999999999941e+02
1.821879999999999882e+02
1.824159999999999968e+02
1.824530000000000030e+02
1.825829999999999984e+02
1.826009999999999991e+02
1.826670000000000016e+02
1.828369999999999891e+02
1.829279999999999973e+02
1.830670000000000073e+02
1.830850000000000080e+02
1.833309999999999889e+02
1.833750000000000000e+02
1.834770000000000039e+02
1.836210000000000093e+02
1.836450000000000102e+02
1.836630000000000109e+02
1.837630000000000052e+02
1.839319999999999879e+02
1.841910000000000025e+02
1.842179999999999893e+02
1.843340000000000032e+02
1.844259999999999877e+02
1.845720000000000027e+02
1.848309999999999889e+02
1.849730000000000132e+02
1.850000000000000000e+02
1.850140000000000100e+02
1.851119999999999948e+02
1.853870000000000005e+02
1.854130000000000109e+02
1.855380000000000109e+02
1.856879999999999882e+02
1.857520000000000095e+02
1.857729999999999961e+02
1.859610000000000127e+02
1.859819999999999993e+02
1.861080000000000041e+02
1.861719999999999970e+02
1.861920000000000073e+02
1.863839999999999861e+02
1.864039999999999964e+02
1.867179999999999893e+02
1.867439999999999998e+02
1.867580000000000098e+02
1.868590000000000089e+02
1.870070000000000050e+02
1.870190000000000055e+02
1.871189999999999998e+02
1.871409999999999911e+02
1.872649999999999864e+02
1.873770000000000095e+02
1.874979999999999905e+02
1.879639999999999986e+02
1.879819999999999993e+02
1.880490000000000066e+02
1.881670000000000016e+02
1.881889999999999930e+02
1.883120000000000118e+02
1.884130000000000109e+02
1.884370000000000118e+02
1.887940000000000111e+02
1.888180000000000121e+02
1.889449999999999932e+02
1.891779999999999973e+02
1.891999999999999886e+02
1.894339999999999975e+02
1.896899999999999977e+02
1.898189999999999884e+02
1.902040000000000077e+02
1.903329999999999984e+02
1.906090000000000089e+02
1.907369999999999948e+02
1.908650000000000091e+02
1.909739999999999895e+02
1.909919999999999902e+02
1.911009999999999991e+02
1.911200000000000045e+02
1.913559999999999945e+02
1.913739999999999952e+02
1.915010000000000048e+02
1.916279999999999859e+02
1.917369999999999948e+02
1.918820000000000050e+02
1.919900000000000091e+02
1.922429999999999950e+02
1.923700000000000045e+02
1.923880000000000052e+02
1.926220000000000141e+02
1.926399999999999864e+02
1.927479999999999905e+02
1.927659999999999911e+02
1.928739999999999952e+02
1.928919999999999959e+02
1.930000000000000000e+02
1.930180000000000007e+02
1.931260000000000048e+02
1.931440000000000055e+02
1.932520000000000095e+02
1.933959999999999866e+02
1.935039999999999907e+02
1.936469999999999914e+02
1.937729999999999961e+02
1.938799999999999955e+02
1.940229999999999961e+02
1.941310000000000002e+02
1.943810000000000002e+02
1.943979999999999961e+02
1.946299999999999955e+02
1.946479999999999961e+02
1.947549999999999955e+02
1.947719999999999914e+02
1.948789999999999907e+02
1.948969999999999914e+02
1.950039999999999907e+02
1.950209999999999866e+02
1.951279999999999859e+02
1.951459999999999866e+02
1.952529999999999859e+02
1.952700000000000102e+02
1.955010000000000048e+02
1.955190000000000055e+02
1.956260000000000048e+02
1.957500000000000000e+02
1.958739999999999952e+02
1.959979999999999905e+02
1.961220000000000141e+02
1.962460000000000093e+02
1.963870000000000005e+02
1.964929999999999950e+02
1.966339999999999861e+02
1.967410000000000139e+02
1.968640000000000043e+02
1.969879999999999995e+02
1.971109999999999900e+02
1.972350000000000136e+02
1.973580000000000041e+02
1.974819999999999993e+02
1.974989999999999952e+02
1.977280000000000086e+02
1.977450000000000045e+02
1.985889999999999986e+02
1.986059999999999945e+02
1.988350000000000080e+02
1.988520000000000039e+02
1.990800000000000125e+02
1.990970000000000084e+02
1.993259999999999934e+02
1.993429999999999893e+02
1.995709999999999980e+02
1.995879999999999939e+02
1.998170000000000073e+02
1.998340000000000032e+02
1.999389999999999930e+02
1.999559999999999889e+02
2.001850000000000023e+02
2.002019999999999982e+02
2.009199999999999875e+02
2.009370000000000118e+02
2.010430000000000064e+02
2.011819999999999879e+02
2.012870000000000061e+02
2.014259999999999877e+02
2.015320000000000107e+02
2.016709999999999923e+02
2.018979999999999961e+02
2.019149999999999920e+02
2.022649999999999864e+02
2.023870000000000005e+02
2.025089999999999861e+02
2.025260000000000105e+02
2.026479999999999961e+02
2.027700000000000102e+02
2.028919999999999959e+02
2.030140000000000100e+02
2.031359999999999957e+02
2.032580000000000098e+02
2.033799999999999955e+02
2.035020000000000095e+02
2.036239999999999952e+02
2.037460000000000093e+02
2.038679999999999950e+02
2.039900000000000091e+02
2.041119999999999948e+02
2.042170000000000130e+02
2.043559999999999945e+02
2.044780000000000086e+02
2.045999999999999943e+02
2.047050000000000125e+02
2.048429999999999893e+02
2.049480000000000075e+02
2.050869999999999891e+02
2.052090000000000032e+02
2.053139999999999930e+02
2.054519999999999982e+02
2.055569999999999879e+02
2.056959999999999980e+02
2.058009999999999877e+02
2.059389999999999930e+02
2.060440000000000111e+02
2.061829999999999927e+02
2.062880000000000109e+02
2.064259999999999877e+02
2.065310000000000059e+02
2.066699999999999875e+02
2.067750000000000057e+02
2.069130000000000109e+02
2.070180000000000007e+02
2.071570000000000107e+02
2.072620000000000005e+02
2.074000000000000057e+02
2.075049999999999955e+02
2.076440000000000055e+02
2.077489999999999952e+02
2.078870000000000005e+02
2.079919999999999902e+02
2.081310000000000002e+02
2.082359999999999900e+02
2.083739999999999952e+02
2.084790000000000134e+02
2.086179999999999950e+02
2.087230000000000132e+02
2.088609999999999900e+02
2.089660000000000082e+02
2.091049999999999898e+02
2.092100000000000080e+02
2.093480000000000132e+02
2.094530000000000030e+02
2.095920000000000130e+02
2.096970000000000027e+02
2.098350000000000080e+02
2.099399999999999977e+02
2.100790000000000077e+02
2.101839999999999975e+02
2.103220000000000027e+02
2.104269999999999925e+02
2.105660000000000025e+02
2.106709999999999923e+02
2.108089999999999975e+02
2.109139999999999873e+02
2.110529999999999973e+02
2.111579999999999870e+02
2.112959999999999923e+02
2.114010000000000105e+02
2.115399999999999920e+02
2.116450000000000102e+02
2.117829999999999870e+02
2.118880000000000052e+02
2.120269999999999868e+02
2.121320000000000050e+02
2.122700000000000102e+02
2.123750000000000000e+02
2.125140000000000100e+02
2.126189999999999998e+02
2.127570000000000050e+02
2.128619999999999948e+02
2.130010000000000048e+02
2.131059999999999945e+02
2.132439999999999998e+02
2.133489999999999895e+02
2.134879999999999995e+02
2.135929999999999893e+02
2.137309999999999945e+02
2.138360000000000127e+02
2.139749999999999943e+02
2.140800000000000125e+02
2.142179999999999893e+02
2.143230000000000075e+02
2.144619999999999891e+02
2.145670000000000073e+02
2.147050000000000125e+02
2.148100000000000023e+02
2.149490000000000123e+02
2.150540000000000020e+02
2.151920000000000073e+02
2.152969999999999970e+02
2.154360000000000070e+02
2.155409999999999968e+02
2.156790000000000020e+02
2.157839999999999918e+02
2.159230000000000018e+02
2.160279999999999916e+02
2.161659999999999968e+02
2.162709999999999866e+02
2.164099999999999966e+02
2.165149999999999864e+02
2.166529999999999916e+02
2.167580000000000098e+02
2.168969999999999914e+02
2.170020000000000095e+02
2.171399999999999864e+02
2.172450000000000045e+02
2.173839999999999861e+02
2.174890000000000043e+02
2.176270000000000095e+02
2.177319999999999993e+02
2.178710000000000093e+02
2.179759999999999991e+02
2.181140000000000043e+02
2.182189999999999941e+02
2.183580000000000041e+02
2.184629999999999939e+02
2.186009999999999991e+02
2.187059999999999889e+02
2.188449999999999989e+02
2.189499999999999886e+02
2.190879999999999939e+02
2.191930000000000121e+02
2.193319999999999936e+02
2.194370000000000118e+02
2.195749999999999886e+02
2.196800000000000068e+02
2.198189999999999884e+02
2.199240000000000066e+02
2.200620000000000118e+02
2.201670000000000016e+02
2.203060000000000116e+02
2.204110000000000014e+02
2.205490000000000066e+02
2.206539999999999964e+02
2.207930000000000064e+02
2.208979999999999961e+02
2.210360000000000014e+02
2.211409999999999911e+02
2.212800000000000011e+02
2.213849999999999909e+02
2.215229999999999961e+02
2.216279999999999859e+02
2.217669999999999959e+02
2.218720000000000141e+02
2.220099999999999909e+02
2.221150000000000091e+02
2.222539999999999907e+02
2.223590000000000089e+02
2.224970000000000141e+02
2.226020000000000039e+02
2.227410000000000139e+02
2.228460000000000036e+02
2.229840000000000089e+02
2.230889999999999986e+02
2.232280000000000086e+02
2.233329999999999984e+02
2.234710000000000036e+02
2.235759999999999934e+02
2.237150000000000034e+02
2.238199999999999932e+02
2.239579999999999984e+02
2.240629999999999882e+02
2.242019999999999982e+02
2.243069999999999879e+02
2.244449999999999932e+02
2.245500000000000114e+02
2.246889999999999930e+02
2.247940000000000111e+02
2.249319999999999879e+02
2.250370000000000061e+02
2.251759999999999877e+02
2.252810000000000059e+02
2.254190000000000111e+02
2.255240000000000009e+02
2.256630000000000109e+02
2.257680000000000007e+02
2.259060000000000059e+02
2.260109999999999957e+02
2.261500000000000057e+02
2.262549999999999955e+02
2.263930000000000007e+02
2.264979999999999905e+02
2.266370000000000005e+02
2.267419999999999902e+02
2.268799999999999955e+02
2.269850000000000136e+02
2.271239999999999952e+02
2.272290000000000134e+02
2.273669999999999902e+02
2.274720000000000084e+02
2.276109999999999900e+02
2.277160000000000082e+02
2.278540000000000134e+02
2.279590000000000032e+02
2.280980000000000132e+02
2.282030000000000030e+02
2.283410000000000082e+02
2.284459999999999980e+02
2.285850000000000080e+02
2.286899999999999977e+02
2.288280000000000030e+02
2.289329999999999927e+02
2.290720000000000027e+02
2.291769999999999925e+02
2.293149999999999977e+02
2.294199999999999875e+02
2.295589999999999975e+02
2.296639999999999873e+02
2.298019999999999925e+02
2.299070000000000107e+02
2.300459999999999923e+02
2.301510000000000105e+02
2.302889999999999873e+02
2.303940000000000055e+02
2.305329999999999870e+02
2.306380000000000052e+02
2.307760000000000105e+02
2.308810000000000002e+02
2.310200000000000102e+02
2.311250000000000000e+02
2.312630000000000052e+02
2.313679999999999950e+02
2.315070000000000050e+02
2.316119999999999948e+02
2.317500000000000000e+02
2.318549999999999898e+02
2.319939999999999998e+02
2.320989999999999895e+02
2.322369999999999948e+02
2.323420000000000130e+02
2.324809999999999945e+02
2.325860000000000127e+02
2.327239999999999895e+02
2.328290000000000077e+02
2.329679999999999893e+02
2.330730000000000075e+02
2.332110000000000127e+02
2.333160000000000025e+02
2.334550000000000125e+02
2.335600000000000023e+02
2.336980000000000075e+02
2.338029999999999973e+02
2.339420000000000073e+02
2.340469999999999970e+02
2.341850000000000023e+02
2.342899999999999920e+02
2.344290000000000020e+02
2.345339999999999918e+02
2.346719999999999970e+02
2.347769999999999868e+02
2.349159999999999968e+02
2.350209999999999866e+02
2.351589999999999918e+02
2.352640000000000100e+02
2.354029999999999916e+02
2.355080000000000098e+02
2.356459999999999866e+02
2.357510000000000048e+02
2.358899999999999864e+02
2.359950000000000045e+02
2.361330000000000098e+02
2.362379999999999995e+02
2.363770000000000095e+02
2.364819999999999993e+02
2.366200000000000045e+02
2.367249999999999943e+02
2.368640000000000043e+02
2.369689999999999941e+02
2.371069999999999993e+02
2.372119999999999891e+02
2.373509999999999991e+02
2.374559999999999889e+02
2.375939999999999941e+02
2.376990000000000123e+02
2.378379999999999939e+02
2.379430000000000121e+02
2.380809999999999889e+02
2.381860000000000070e+02
2.383249999999999886e+02
2.384300000000000068e+02
2.385680000000000121e+02
2.386730000000000018e+02
2.388120000000000118e+02
2.389170000000000016e+02
2.390550000000000068e+02
2.391599999999999966e+02
2.392990000000000066e+02
2.394039999999999964e+02
2.395420000000000016e+02
2.396469999999999914e+02
2.397860000000000014e+02
2.398909999999999911e+02
2.400289999999999964e+02
2.401339999999999861e+02
2.402729999999999961e+02
2.403779999999999859e+02
2.405159999999999911e+02
2.406210000000000093e+02
2.407599999999999909e+02
2.408650000000000091e+02
2.410029999999999859e+02
2.411080000000000041e+02
2.412470000000000141e+02
2.413520000000000039e+02
2.414900000000000091e+02
2.415949999999999989e+02
2.417340000000000089e+02
2.418389999999999986e+02
2.419770000000000039e+02
2.420819999999999936e+02
2.422210000000000036e+02
2.423259999999999934e+02
2.424639999999999986e+02
2.425689999999999884e+02
2.427079999999999984e+02
2.428129999999999882e+02
2.429509999999999934e+02
2.430560000000000116e+02
2.431949999999999932e+02
2.433000000000000114e+02
2.434379999999999882e+02
2.435430000000000064e+02
2.436819999999999879e+02
2.437870000000000061e+02
2.439250000000000114e+02
2.440300000000000011e+02
2.441690000000000111e+02
2.442740000000000009e+02
2.444120000000000061e+02
2.445169999999999959e+02
2.446560000000000059e+02
2.447609999999999957e+02
2.448990000000000009e+02
2.450039999999999907e+02
2.451430000000000007e+02
2.452479999999999905e+02
2.453859999999999957e+02
2.454910000000000139e+02
2.456299999999999955e+02
2.457350000000000136e+02
2.458729999999999905e+02
2.459780000000000086e+02
2.461169999999999902e+02
2.462220000000000084e+02
2.463600000000000136e+02
2.464650000000000034e+02
2.466040000000000134e+02
2.467090000000000032e+02
2.468470000000000084e+02
2.469519999999999982e+02
2.470910000000000082e+02
2.471959999999999980e+02
2.473340000000000032e+02
2.474389999999999930e+02
2.475780000000000030e+02
2.476829999999999927e+02
2.478209999999999980e+02
2.479259999999999877e+02
2.480649999999999977e+02
2.481699999999999875e+02
2.483079999999999927e+02
2.484130000000000109e+02
2.485519999999999925e+02
2.486570000000000107e+02
2.487949999999999875e+02
2.489000000000000057e+02
2.490389999999999873e+02
2.491440000000000055e+02
2.492820000000000107e+02
2.493870000000000005e+02
2.495260000000000105e+02
2.496310000000000002e+02
2.497690000000000055e+02
2.498739999999999952e+02
2.500130000000000052e+02
2.501179999999999950e+02
2.502560000000000002e+02
2.503609999999999900e+02
2.505000000000000000e+02
2.506049999999999898e+02
2.507429999999999950e+02
2.508480000000000132e+02
2.509869999999999948e+02
2.510920000000000130e+02
2.512299999999999898e+02
2.513350000000000080e+02
2.514739999999999895e+02
2.515790000000000077e+02
2.517170000000000130e+02
2.518220000000000027e+02
2.519610000000000127e+02
2.520660000000000025e+02
2.522040000000000077e+02
2.523089999999999975e+02
2.524480000000000075e+02
2.525529999999999973e+02
2.526910000000000025e+02
2.527959999999999923e+02
2.529350000000000023e+02
2.530399999999999920e+02
2.531779999999999973e+02
2.532829999999999870e+02
2.534219999999999970e+02
2.535269999999999868e+02
2.536649999999999920e+02
2.537700000000000102e+02
2.539089999999999918e+02
2.540140000000000100e+02
2.541519999999999868e+02
2.542570000000000050e+02
2.543959999999999866e+02
2.545010000000000048e+02
2.546390000000000100e+02
2.547439999999999998e+02
2.548830000000000098e+02
2.549879999999999995e+02
2.551260000000000048e+02
2.552309999999999945e+02
2.553700000000000045e+02
2.554749999999999943e+02
2.556129999999999995e+02
2.557179999999999893e+02
2.558569999999999993e+02
2.559619999999999891e+02
2.561000000000000227e+02
2.562049999999999841e+02
2.563439999999999941e+02
2.564490000000000123e+02
2.565869999999999891e+02
2.566920000000000073e+02
2.568310000000000173e+02
2.569359999999999786e+02
2.570740000000000123e+02
2.571789999999999736e+02
2.573179999999999836e+02
2.574230000000000018e+02
2.575609999999999786e+02
2.576659999999999968e+02
2.578050000000000068e+02
2.579100000000000250e+02
2.580480000000000018e+02
2.581530000000000200e+02
2.582919999999999732e+02
2.583969999999999914e+02
2.585350000000000250e+02
2.586399999999999864e+02
2.587789999999999964e+02
2.588840000000000146e+02
2.590219999999999914e+02
2.591270000000000095e+02
2.592660000000000196e+02
2.593709999999999809e+02
2.595090000000000146e+02
2.596139999999999759e+02
2.597529999999999859e+02
2.598580000000000041e+02
2.599959999999999809e+02
2.601009999999999991e+02
2.602400000000000091e+02
2.603450000000000273e+02
2.604830000000000041e+02
2.605880000000000223e+02
2.607269999999999754e+02
2.608319999999999936e+02
2.609700000000000273e+02
2.610749999999999886e+02
2.612139999999999986e+02
2.613190000000000168e+02
2.614569999999999936e+02
2.615620000000000118e+02
2.617010000000000218e+02
2.618059999999999832e+02
2.619440000000000168e+02
2.620489999999999782e+02
2.621879999999999882e+02
2.622930000000000064e+02
2.624309999999999832e+02
2.625360000000000014e+02
2.626739999999999782e+02
2.627799999999999727e+02
2.629180000000000064e+02
2.630230000000000246e+02
2.631610000000000014e+02
2.632669999999999959e+02
2.634049999999999727e+02
2.635099999999999909e+02
2.636480000000000246e+02
2.637540000000000191e+02
2.638919999999999959e+02
2.639970000000000141e+02
2.641349999999999909e+02
2.642409999999999854e+02
2.643790000000000191e+02
2.644839999999999804e+02
2.646220000000000141e+02
2.647280000000000086e+02
2.648659999999999854e+02
2.649710000000000036e+02
2.651100000000000136e+02
2.652149999999999750e+02
2.653530000000000086e+02
2.654580000000000268e+02
2.655969999999999800e+02
2.657019999999999982e+02
2.658399999999999750e+02
2.659449999999999932e+02
2.660840000000000032e+02
2.661890000000000214e+02
2.663269999999999982e+02
2.664320000000000164e+02
2.665710000000000264e+02
2.666759999999999877e+02
2.668140000000000214e+02
2.669189999999999827e+02
2.670579999999999927e+02
2.671630000000000109e+02
2.673009999999999877e+02
2.674060000000000059e+02
2.675450000000000159e+02
2.676499999999999773e+02
2.677880000000000109e+02
2.678929999999999723e+02
2.680319999999999823e+02
2.681370000000000005e+02
2.682749999999999773e+02
2.683799999999999955e+02
2.685190000000000055e+02
2.686240000000000236e+02
2.687620000000000005e+02
2.688670000000000186e+02
2.690059999999999718e+02
2.691109999999999900e+02
2.692490000000000236e+02
2.693539999999999850e+02
2.694929999999999950e+02
2.695980000000000132e+02
2.697359999999999900e+02
2.698410000000000082e+02
2.699800000000000182e+02
