3.220199999999999818e+02
3.989399999999999977e+02
5.017799999999999727e+02
8.717400000000000091e+02
9.068999999999999773e+02
1.016399999999999977e+03
6.188220000000000255e+03
9.806459999999999127e+03
9.903299999999999272e+03
1.009278000000000065e+04
1.014773999999999978e+04
1.021752000000000044e+04
1.025226000000000022e+04
1.034321999999999935e+04
1.038210000000000036e+04
1.041095999999999913e+04
1.047012000000000080e+04
1.058292000000000007e+04
1.064489999999999964e+04
1.070705999999999949e+04
1.074144000000000051e+04
1.076357999999999993e+04
1.077678000000000065e+04
1.080210000000000036e+04
1.081415999999999985e+04
1.084715999999999985e+04
1.086450000000000000e+04
1.089378000000000065e+04
1.092354000000000087e+04
1.093470000000000073e+04
1.097760000000000036e+04
1.100142000000000007e+04
1.104204000000000087e+04
1.105007999999999993e+04
1.106586000000000058e+04
1.110612000000000080e+04
1.112555999999999949e+04
1.113557999999999993e+04
1.118718000000000029e+04
1.119984000000000015e+04
1.121244000000000051e+04
1.123212000000000080e+04
1.128587999999999920e+04
1.134521999999999935e+04
1.135470000000000073e+04
1.136478000000000065e+04
1.142142000000000007e+04
1.145831999999999971e+04
1.146965999999999985e+04
1.149234000000000015e+04
1.150295999999999913e+04
1.150997999999999956e+04
1.152876000000000022e+04
1.155060000000000036e+04
1.155965999999999985e+04
1.157645999999999913e+04
1.158552000000000044e+04
1.160028000000000065e+04
1.163262000000000080e+04
1.164126000000000022e+04
1.164887999999999920e+04
1.165997999999999956e+04
1.168007999999999993e+04
1.169231999999999971e+04
1.171679999999999927e+04
1.173810000000000036e+04
1.174955999999999949e+04
1.176095999999999913e+04
1.179054000000000087e+04
1.180955999999999949e+04
1.181573999999999978e+04
1.189379999999999927e+04
1.190310000000000036e+04
1.192860000000000036e+04
1.194642000000000007e+04
1.196784000000000015e+04
1.198223999999999978e+04
1.201254000000000087e+04
1.202118000000000029e+04
1.204931999999999971e+04
1.206354000000000087e+04
1.212000000000000000e+04
1.215168000000000029e+04
1.216362000000000080e+04
1.218384000000000015e+04
1.221065999999999985e+04
1.221863999999999942e+04
1.223784000000000015e+04
1.226945999999999913e+04
1.227942000000000007e+04
1.231452000000000044e+04
1.232789999999999964e+04
1.236995999999999913e+04
1.237686000000000058e+04
1.238939999999999964e+04
1.242600000000000000e+04
1.249787999999999920e+04
1.250586000000000058e+04
1.254768000000000029e+04
1.256904000000000087e+04
1.258115999999999985e+04
1.259015999999999985e+04
1.260312000000000080e+04
1.261368000000000029e+04
1.263323999999999978e+04
1.264242000000000007e+04
1.265981999999999971e+04
1.270344000000000051e+04
1.274231999999999971e+04
1.278647999999999956e+04
1.281695999999999913e+04
1.282571999999999935e+04
1.284594000000000051e+04
1.288505999999999949e+04
1.290150000000000000e+04
1.291302000000000044e+04
1.291992000000000007e+04
1.295537999999999920e+04
1.297992000000000007e+04
1.298855999999999949e+04
1.301573999999999978e+04
1.304621999999999935e+04
1.315020000000000073e+04
1.319586000000000058e+04
1.323257999999999993e+04
1.324404000000000087e+04
1.328771999999999935e+04
1.330379999999999927e+04
1.331418000000000029e+04
1.335905999999999949e+04
1.340663999999999942e+04
1.342073999999999978e+04
1.343118000000000029e+04
1.345170000000000073e+04
1.346021999999999935e+04
1.347707999999999993e+04
1.349550000000000000e+04
1.352465999999999985e+04
1.353504000000000087e+04
1.354944000000000051e+04
1.358681999999999971e+04
1.360907999999999993e+04
1.365005999999999949e+04
1.366079999999999927e+04
1.369494000000000051e+04
1.376015999999999985e+04
1.381152000000000044e+04
1.385663999999999942e+04
1.389797999999999956e+04
1.397789999999999964e+04
1.398918000000000029e+04
1.402686000000000058e+04
1.403963999999999942e+04
1.408176000000000022e+04
1.414368000000000029e+04
1.415826000000000022e+04
1.416984000000000015e+04
1.422942000000000007e+04
1.426200000000000000e+04
1.427915999999999985e+04
1.430670000000000073e+04
1.437605999999999949e+04
3.005406000000000131e+04
3.076734000000000015e+04
3.104958000000000175e+04
3.111815999999999985e+04
3.135900000000000000e+04
3.161736000000000058e+04
3.164711999999999898e+04
3.173147999999999956e+04
3.189629999999999927e+04
3.195822000000000116e+04
3.206904000000000087e+04
3.216072000000000116e+04
3.262872000000000116e+04
3.302112000000000262e+04
3.317381999999999971e+04
3.326027999999999884e+04
4.389786000000000058e+04
4.428744000000000233e+04
4.439148000000000320e+04
4.445862000000000262e+04
4.462055999999999767e+04
4.472358000000000175e+04
4.479881999999999971e+04
4.484904000000000087e+04
4.487208000000000175e+04
4.489181999999999971e+04
4.494377999999999884e+04
4.497168000000000029e+04
4.499033999999999651e+04
4.504631999999999971e+04
4.507794000000000233e+04
4.510391999999999825e+04
4.512227999999999884e+04
4.514226000000000204e+04
4.519019999999999709e+04
4.523513999999999942e+04
4.525194000000000233e+04
4.526958000000000175e+04
4.534427999999999884e+04
4.536204000000000087e+04
4.536936000000000058e+04
4.538448000000000320e+04
4.540908000000000175e+04
4.541580000000000291e+04
4.545851999999999680e+04
4.549890000000000146e+04
4.563294000000000233e+04
4.612254000000000087e+04
4.616045999999999913e+04
4.619351999999999680e+04
4.629600000000000000e+04
4.637645999999999913e+04
4.642877999999999884e+04
4.645763999999999942e+04
4.659563999999999942e+04
4.662804000000000087e+04
4.678895999999999913e+04
4.685754000000000087e+04
4.692605999999999767e+04
4.699116000000000349e+04
4.712898000000000320e+04
4.719101999999999680e+04
4.724490000000000146e+04
4.730873999999999796e+04
4.734245999999999913e+04
4.749563999999999942e+04
4.770833999999999651e+04
4.772501999999999680e+04
4.781100000000000000e+04
4.784759999999999854e+04
4.797354000000000087e+04
4.798805999999999767e+04
4.806498000000000320e+04
4.810451999999999680e+04
4.823669999999999709e+04
4.824726000000000204e+04
4.830822000000000116e+04
4.844345999999999913e+04
4.852505999999999767e+04
4.861116000000000349e+04
4.886327999999999884e+04
4.921637999999999738e+04
5.443812000000000262e+04
5.475444000000000233e+04
5.488716000000000349e+04
5.509619999999999709e+04
5.564880000000000291e+04
5.580383999999999651e+04
5.608619999999999709e+04
5.623680000000000291e+04
5.633718000000000029e+04
5.648483999999999651e+04
5.672418000000000029e+04
5.697162000000000262e+04
5.703486000000000058e+04
5.715113999999999942e+04
5.718437999999999738e+04
5.731091999999999825e+04
5.737937999999999738e+04
5.743194000000000233e+04
5.758872000000000116e+04
5.770686000000000058e+04
5.793540000000000146e+04
5.796318000000000029e+04
5.798454000000000087e+04
5.813501999999999680e+04
5.816880000000000291e+04
5.818763999999999942e+04
5.824295999999999913e+04
5.828418000000000029e+04
5.831513999999999942e+04
5.836212000000000262e+04
5.838437999999999738e+04
5.841036000000000058e+04
5.843333999999999651e+04
5.845559999999999854e+04
5.848841999999999825e+04
5.851650000000000000e+04
5.855844000000000233e+04
5.862822000000000116e+04
5.865780000000000291e+04
5.870418000000000029e+04
5.873526000000000204e+04
5.877972000000000116e+04
5.880600000000000000e+04
5.882537999999999738e+04
5.884362000000000262e+04
5.886395999999999913e+04
5.892233999999999651e+04
5.893913999999999942e+04
5.895791999999999825e+04
5.897345999999999913e+04
5.899404000000000087e+04
5.902169999999999709e+04
5.902980000000000291e+04
5.904155999999999767e+04
5.905668000000000029e+04
5.909687999999999738e+04
5.911331999999999971e+04
5.913162000000000262e+04
5.914823999999999796e+04
5.916701999999999680e+04
5.919095999999999913e+04
5.924177999999999884e+04
5.926008000000000175e+04
5.927201999999999680e+04
5.928990000000000146e+04
5.929686000000000058e+04
5.933891999999999825e+04
5.934983999999999651e+04
5.936045999999999913e+04
5.942795999999999913e+04
5.947980000000000291e+04
5.950086000000000058e+04
5.952473999999999796e+04
5.956469999999999709e+04
5.958558000000000175e+04
5.962481999999999971e+04
5.964095999999999913e+04
5.965673999999999796e+04
5.968212000000000262e+04
5.969081999999999971e+04
5.971626000000000204e+04
5.974151999999999680e+04
5.976305999999999767e+04
5.979269999999999709e+04
5.980344000000000233e+04
5.981951999999999680e+04
5.984063999999999942e+04
5.987027999999999884e+04
5.991809999999999854e+04
5.999322000000000116e+04
6.000401999999999680e+04
6.001241999999999825e+04
6.002369999999999709e+04
6.008304000000000087e+04
6.009912000000000262e+04
6.011327999999999884e+04
6.013968000000000029e+04
6.015900000000000000e+04
6.021155999999999767e+04
6.022595999999999913e+04
6.029898000000000320e+04
6.030804000000000087e+04
6.032454000000000087e+04
6.040776000000000204e+04
6.041645999999999913e+04
6.044273999999999796e+04
6.047441999999999825e+04
6.049451999999999680e+04
6.053459999999999854e+04
6.064566000000000349e+04
6.065658000000000175e+04
6.070913999999999942e+04
6.074483999999999651e+04
6.075245999999999913e+04
6.077645999999999913e+04
6.078990000000000146e+04
6.080819999999999709e+04
6.089340000000000146e+04
6.090450000000000000e+04
6.093569999999999709e+04
6.094331999999999971e+04
6.095387999999999738e+04
6.102954000000000087e+04
6.104981999999999971e+04
6.108209999999999854e+04
6.110813999999999942e+04
6.113195999999999913e+04
6.115127999999999884e+04
6.116795999999999913e+04
6.123504000000000087e+04
6.127019999999999709e+04
6.128141999999999825e+04
6.130481999999999971e+04
6.133283999999999651e+04
6.138294000000000233e+04
6.139883999999999651e+04
6.141180000000000291e+04
6.145794000000000233e+04
6.150240000000000146e+04
6.152687999999999738e+04
6.154008000000000175e+04
6.158136000000000058e+04
6.165780000000000291e+04
6.628853999999999360e+04
6.871194000000000233e+04
6.933755999999999767e+04
7.137738000000000466e+04
7.590072000000000116e+04
7.652046000000000640e+04
7.732463999999999942e+04
7.770941999999999825e+04
7.792974000000000524e+04
7.810224000000000524e+04
7.824594000000000233e+04
7.837169999999999709e+04
7.849775999999999476e+04
7.861577999999999884e+04
7.867505999999999767e+04
7.872197999999999593e+04
7.884216000000000349e+04
7.887708000000000175e+04
7.897961999999999534e+04
7.902503999999999360e+04
7.905930000000000291e+04
7.909883999999999651e+04
7.916483999999999651e+04
7.918541999999999825e+04
7.922177999999999884e+04
7.926186000000000058e+04
7.930055999999999767e+04
7.935582000000000698e+04
7.938455999999999767e+04
7.941155999999999767e+04
7.943550000000000000e+04
7.946094000000000233e+04
7.949166000000000349e+04
7.952472000000000116e+04
7.956072000000000116e+04
7.959900000000000000e+04
7.962132000000000698e+04
7.965275999999999476e+04
7.969032000000000698e+04
7.974144000000000233e+04
7.977600000000000000e+04
7.979753999999999360e+04
7.984872000000000116e+04
7.988225999999999476e+04
7.992708000000000175e+04
7.993805999999999767e+04
8.000291999999999825e+04
8.004191999999999825e+04
8.006519999999999709e+04
8.013000000000000000e+04
8.016011999999999534e+04
8.018496000000000640e+04
8.029325999999999476e+04
8.033933999999999651e+04
8.038763999999999942e+04
8.043786000000000058e+04
8.047397999999999593e+04
8.050236000000000058e+04
8.058132000000000698e+04
8.064197999999999593e+04
8.070011999999999534e+04
8.072669999999999709e+04
8.078058000000000175e+04
8.080572000000000116e+04
8.085552000000000407e+04
8.090850000000000000e+04
8.095217999999999302e+04
8.098002000000000407e+04
8.100791999999999825e+04
8.108141999999999825e+04
8.113391999999999825e+04
8.116433999999999651e+04
8.120591999999999825e+04
8.125175999999999476e+04
8.128572000000000116e+04
8.132363999999999942e+04
8.141339999999999418e+04
8.148516000000000349e+04
8.152566000000000349e+04
8.170452000000000407e+04
8.216316000000000349e+04
8.806224000000000524e+04
8.897075999999999476e+04
8.911253999999999360e+04
8.939394000000000233e+04
8.945436000000000058e+04
8.975622000000000116e+04
9.005688000000000466e+04
9.038946000000000640e+04
9.072803999999999360e+04
9.086874000000000524e+04
9.112122000000000116e+04
9.122532000000000698e+04
9.135660000000000582e+04
9.143808000000000175e+04
9.155436000000000058e+04
9.170675999999999476e+04
9.197616000000000349e+04
9.221166000000000349e+04
9.239261999999999534e+04
9.249617999999999302e+04
9.255077999999999884e+04
9.258761999999999534e+04
9.265205999999999767e+04
9.282269999999999709e+04
9.285953999999999360e+04
9.295097999999999593e+04
9.304283999999999651e+04
9.307139999999999418e+04
9.309774000000000524e+04
9.342455999999999767e+04
9.375533999999999651e+04
9.572189999999999418e+04
9.834174000000000524e+04
9.912552000000000407e+04
1.004666999999999971e+05
1.007638200000000070e+05
1.010285399999999936e+05
1.010671799999999930e+05
1.011649199999999983e+05
1.012182599999999948e+05
1.013074199999999983e+05
1.014186600000000035e+05
1.015697400000000052e+05
1.016626199999999953e+05
1.017186000000000058e+05
1.017803999999999942e+05
1.018458600000000006e+05
1.018900800000000017e+05
1.019438399999999965e+05
1.019913600000000006e+05
1.020074400000000023e+05
1.021068600000000006e+05
1.021450200000000041e+05
1.021894799999999959e+05
1.022215200000000041e+05
1.022408999999999942e+05
1.022745000000000000e+05
1.023261000000000058e+05
1.023366600000000035e+05
1.023601799999999930e+05
1.024103399999999965e+05
1.024473600000000006e+05
1.025136000000000058e+05
1.025317200000000012e+05
1.025586600000000035e+05
1.025659199999999983e+05
1.025850599999999977e+05
1.026051600000000035e+05
1.026191399999999994e+05
1.026392400000000052e+05
1.026518999999999942e+05
1.026628200000000070e+05
1.027048800000000047e+05
1.027173600000000006e+05
1.027308600000000006e+05
1.027443600000000006e+05
1.027607400000000052e+05
1.027822799999999988e+05
1.027903200000000070e+05
1.028268000000000029e+05
1.028361000000000058e+05
1.028602799999999988e+05
1.028753399999999965e+05
1.029004199999999983e+05
1.029086999999999971e+05
1.029671999999999971e+05
1.029880800000000017e+05
1.030008600000000006e+05
1.030351199999999953e+05
1.030415399999999936e+05
1.030928399999999965e+05
1.031023800000000047e+05
1.031242799999999988e+05
1.031527799999999988e+05
1.031741999999999971e+05
1.031911199999999953e+05
1.031995200000000041e+05
1.032322200000000012e+05
1.032386999999999971e+05
1.032563399999999965e+05
1.032838800000000047e+05
1.033050000000000000e+05
1.033315200000000041e+05
1.033395000000000000e+05
1.033545000000000000e+05
1.033886399999999994e+05
1.033960200000000041e+05
1.034239799999999959e+05
1.034311199999999953e+05
1.034445599999999977e+05
1.034516999999999971e+05
1.034845200000000041e+05
1.035711600000000035e+05
1.035785399999999936e+05
1.036253399999999965e+05
1.036444799999999959e+05
1.036637400000000052e+05
1.036735200000000041e+05
1.036831799999999930e+05
1.036918200000000070e+05
1.037031600000000035e+05
1.037178000000000029e+05
1.037494199999999983e+05
1.037694600000000064e+05
1.037884199999999983e+05
1.038591600000000035e+05
1.038831000000000058e+05
1.038945599999999977e+05
1.039134600000000064e+05
1.039363200000000070e+05
1.039494600000000064e+05
1.039576199999999953e+05
1.039845599999999977e+05
1.039930800000000017e+05
1.040560200000000041e+05
1.040996999999999971e+05
1.041237599999999948e+05
1.041312599999999948e+05
1.041503999999999942e+05
1.041658800000000047e+05
1.042147799999999988e+05
1.042263600000000006e+05
1.042350000000000000e+05
1.042570800000000017e+05
1.042643399999999965e+05
1.042906799999999930e+05
1.043025599999999977e+05
1.043132400000000052e+05
1.043243999999999942e+05
1.043379600000000064e+05
1.043524199999999983e+05
1.043599199999999983e+05
1.043734199999999983e+05
1.043958600000000006e+05
1.044115800000000017e+05
1.044378000000000029e+05
1.044543600000000006e+05
1.044771000000000058e+05
1.045101000000000058e+05
1.045969199999999983e+05
1.046139600000000064e+05
1.046214600000000064e+05
1.046441399999999994e+05
1.046820000000000000e+05
1.047152400000000052e+05
1.047349199999999983e+05
1.047820200000000041e+05
1.048026000000000058e+05
1.048126199999999953e+05
1.048211999999999971e+05
1.048352400000000052e+05
1.048657799999999988e+05
1.048834799999999959e+05
1.049358600000000006e+05
1.049624400000000023e+05
1.049701799999999930e+05
1.049977200000000012e+05
1.050157200000000012e+05
1.050615599999999977e+05
1.051347599999999948e+05
1.051466399999999994e+05
1.052239199999999983e+05
1.052370599999999977e+05
1.052869199999999983e+05
1.052963399999999965e+05
1.053095399999999936e+05
1.053246600000000035e+05
1.053596999999999971e+05
1.053895800000000017e+05
1.054257599999999948e+05
1.054492200000000012e+05
1.054665599999999977e+05
1.055402400000000052e+05
1.055740800000000017e+05
1.116707400000000052e+05
1.119894600000000064e+05
1.120083600000000006e+05
1.122631799999999930e+05
1.122927599999999948e+05
1.124525399999999936e+05
1.125858600000000006e+05
1.126302599999999948e+05
1.128501000000000058e+05
1.131716999999999971e+05
1.138631999999999971e+05
1.141075200000000041e+05
1.146529799999999959e+05
1.147189199999999983e+05
1.167656399999999994e+05
1.216565399999999936e+05
1.221479400000000023e+05
1.223240399999999936e+05
1.233903000000000029e+05
1.249981199999999953e+05
1.251834600000000064e+05
1.255258800000000047e+05
1.271894400000000023e+05
1.278094199999999983e+05
1.285727400000000052e+05
1.316781600000000035e+05
1.332786000000000058e+05
1.335998999999999942e+05
1.337007600000000093e+05
1.337576400000000140e+05
1.339987799999999988e+05
1.341634200000000128e+05
1.342579200000000128e+05
1.343691000000000058e+05
1.344431400000000140e+05
1.344860400000000081e+05
1.345014599999999919e+05
1.345857000000000116e+05
1.346177999999999884e+05
1.347492000000000116e+05
1.347803999999999942e+05
1.348181400000000140e+05
1.348502399999999907e+05
1.348686000000000058e+05
1.348913399999999965e+05
1.349340599999999977e+05
1.349562000000000116e+05
1.350002999999999884e+05
1.350616199999999953e+05
1.350812399999999907e+05
1.350981600000000035e+05
1.351231799999999930e+05
1.351367399999999907e+05
1.351653599999999860e+05
1.351933200000000070e+05
1.352091000000000058e+05
1.352209800000000105e+05
1.352410799999999872e+05
1.352576400000000140e+05
1.352743200000000070e+05
1.353016799999999930e+05
1.353321600000000035e+05
1.353517799999999988e+05
1.353654599999999919e+05
1.353765599999999977e+05
1.354022999999999884e+05
1.354180199999999895e+05
1.354365599999999977e+05
1.354483200000000070e+05
1.355048399999999965e+05
1.355126400000000140e+05
1.355415599999999977e+05
1.355602799999999988e+05
1.355758200000000070e+05
1.356165599999999977e+05
1.356276600000000035e+05
1.356637200000000012e+05
1.356727200000000012e+05
1.356940799999999872e+05
1.357232999999999884e+05
1.357324800000000105e+05
1.357556400000000140e+05
1.357660199999999895e+05
1.357822200000000012e+05
1.358057399999999907e+05
1.358155199999999895e+05
1.358751000000000058e+05
1.359295799999999872e+05
1.359491400000000140e+05
1.359597600000000093e+05
1.359762600000000093e+05
1.359848399999999965e+05
1.360258800000000047e+05
1.360609200000000128e+05
1.361169599999999919e+05
1.361476799999999930e+05
1.361580000000000000e+05
1.361703599999999860e+05
1.361951400000000140e+05
1.362499200000000128e+05
1.363108800000000047e+05
1.363357799999999988e+05
1.363592999999999884e+05
1.363708800000000047e+05
1.363780799999999872e+05
1.363929599999999919e+05
1.364453399999999965e+05
1.364547000000000116e+05
1.364674200000000128e+05
1.364760599999999977e+05
1.365570599999999977e+05
1.365646799999999930e+05
1.365902399999999907e+05
1.366305599999999977e+05
1.366626000000000058e+05
1.367608800000000047e+05
1.367743800000000047e+05
1.367848800000000047e+05
1.368028800000000047e+05
1.368145799999999872e+05
1.368282000000000116e+05
1.368594599999999919e+05
1.368833999999999942e+05
1.368913200000000070e+05
1.369101000000000058e+05
1.369682399999999907e+05
1.369905000000000000e+05
1.370098800000000047e+05
1.370204400000000023e+05
1.370611199999999953e+05
1.370871600000000035e+05
1.371186600000000035e+05
1.372132200000000012e+05
1.372368599999999860e+05
1.372493999999999942e+05
1.372804200000000128e+05
1.373119200000000128e+05
1.373412000000000116e+05
1.374151799999999930e+05
1.496520000000000000e+05
1.501362600000000093e+05
1.508035199999999895e+05
1.512821400000000140e+05
1.513141799999999930e+05
1.513491600000000035e+05
1.513813200000000070e+05
1.514214599999999919e+05
1.514713800000000047e+05
1.515399599999999919e+05
1.515898800000000047e+05
1.516193999999999942e+05
1.516893599999999860e+05
1.517879400000000023e+05
1.518338399999999965e+05
1.519171199999999953e+05
1.519438800000000047e+05
1.519789800000000105e+05
1.520185799999999872e+05
1.520449200000000128e+05
1.520982000000000116e+05
1.521536400000000140e+05
1.522032000000000116e+05
1.522478399999999965e+05
1.522735799999999872e+05
1.523320199999999895e+05
1.523622600000000093e+05
1.524009599999999919e+05
1.524260400000000081e+05
1.524519599999999919e+05
1.524822000000000116e+05
1.525326000000000058e+05
1.525525799999999872e+05
1.525820400000000081e+05
1.525977000000000116e+05
1.526207999999999884e+05
1.526517600000000093e+05
1.526644200000000128e+05
1.526830199999999895e+05
1.527325199999999895e+05
1.527628800000000047e+05
1.527867000000000116e+05
1.528034400000000023e+05
1.528183200000000070e+05
1.528336199999999953e+05
1.528426799999999930e+05
1.528740000000000000e+05
1.528967399999999907e+05
1.529362799999999988e+05
1.529722799999999988e+05
1.529790000000000000e+05
1.530322200000000012e+05
1.530514200000000128e+05
1.530683999999999942e+05
1.530901799999999930e+05
1.532927999999999884e+05
1.533429599999999919e+05
1.534936199999999953e+05
1.536054599999999919e+05
1.536159599999999919e+05
1.536431400000000140e+05
1.537827000000000116e+05
1.538250599999999977e+05
1.538645400000000081e+05
1.538996400000000140e+05
1.539350400000000081e+05
1.539702600000000093e+05
1.539912000000000116e+05
1.540362600000000093e+05
1.541102999999999884e+05
1.541412600000000093e+05
1.542219599999999919e+05
1.542777000000000116e+05
1.542844800000000105e+05
1.543071000000000058e+05
1.543565400000000081e+05
1.543823399999999965e+05
1.544338800000000047e+05
1.544597999999999884e+05
1.545511799999999930e+05
1.546272000000000116e+05
1.546859400000000023e+05
1.547618399999999965e+05
1.548385199999999895e+05
1.548716400000000140e+05
1.549124400000000023e+05
1.549246199999999953e+05
1.551267600000000093e+05
1.551742200000000012e+05
1.553711400000000140e+05
1.553903999999999942e+05
1.556002799999999988e+05
1.557268200000000070e+05
1.557698399999999965e+05
1.559303999999999942e+05
1.561107600000000093e+05
1.602546600000000035e+05
1.607180400000000081e+05
1.629405599999999977e+05
1.630161000000000058e+05
1.630401600000000035e+05
1.631410199999999895e+05
1.632041400000000140e+05
1.632525599999999977e+05
1.632788399999999965e+05
1.633547999999999884e+05
1.634533800000000047e+05
1.634777399999999907e+05
1.634834400000000023e+05
1.636173599999999860e+05
1.636447200000000012e+05
1.636966199999999953e+05
1.637194200000000128e+05
1.637727000000000116e+05
1.638002399999999907e+05
1.638301799999999930e+05
1.638432000000000116e+05
1.638902399999999907e+05
1.639118999999999942e+05
1.639450799999999872e+05
1.639645799999999872e+05
1.639894200000000128e+05
1.640361000000000058e+05
1.640807399999999907e+05
1.641229200000000128e+05
1.641551400000000140e+05
1.641725400000000081e+05
1.642082399999999907e+05
1.642427399999999907e+05
1.643659800000000105e+05
1.643872799999999988e+05
1.644543599999999860e+05
1.644960599999999977e+05
1.646290199999999895e+05
1.646541600000000035e+05
1.646809800000000105e+05
1.647052799999999988e+05
1.647612000000000116e+05
1.647726600000000035e+05
1.648065599999999977e+05
1.649083800000000047e+05
1.649254800000000105e+05
1.649465400000000081e+05
1.649661000000000058e+05
1.649778599999999860e+05
1.650120000000000000e+05
1.650443999999999942e+05
1.650640199999999895e+05
1.651196400000000140e+05
1.651748399999999965e+05
1.653041400000000140e+05
1.654338599999999860e+05
1.692706799999999930e+05
1.699884599999999919e+05
1.703962799999999988e+05
1.705658399999999965e+05
1.708121400000000140e+05
1.710645599999999977e+05
1.712447999999999884e+05
1.713637200000000012e+05
1.713752399999999907e+05
1.715938800000000047e+05
1.717839599999999919e+05
1.718566799999999930e+05
1.719058200000000070e+05
1.719273599999999860e+05
1.719703200000000070e+05
1.720089599999999919e+05
1.720799400000000023e+05
1.721476799999999930e+05
1.721601600000000035e+05
1.722238800000000047e+05
1.722349200000000128e+05
1.722368399999999965e+05
1.722549599999999919e+05
1.722885000000000000e+05
1.723253399999999965e+05
1.723589400000000023e+05
1.725220199999999895e+05
1.725480000000000000e+05
1.725572399999999907e+05
1.725988800000000047e+05
1.726013399999999965e+05
1.727005799999999872e+05
1.727371799999999930e+05
1.727763599999999860e+05
1.727979599999999919e+05
1.728146400000000140e+05
1.728254400000000023e+05
1.728430799999999872e+05
1.729786199999999953e+05
1.730203200000000070e+05
1.730446199999999953e+05
1.731222000000000116e+05
1.731536400000000140e+05
1.731754200000000128e+05
1.731961199999999953e+05
1.732185000000000000e+05
1.732568399999999965e+05
1.733041199999999953e+05
1.733459400000000023e+05
1.733586600000000035e+05
1.733898599999999860e+05
1.734501000000000058e+05
1.734828599999999860e+05
1.734949800000000105e+05
1.735585199999999895e+05
1.735820400000000081e+05
1.736455199999999895e+05
1.737212999999999884e+05
1.737400799999999872e+05
1.737680400000000081e+05
1.738058399999999965e+05
1.738717799999999988e+05
1.739148599999999860e+05
1.739235599999999977e+05
1.739567399999999907e+05
1.740078599999999860e+05
1.741153200000000070e+05
1.741756799999999930e+05
1.742264400000000023e+05
1.742496000000000058e+05
1.742869800000000105e+05
1.743562200000000012e+05
1.743756000000000058e+05
1.743922200000000012e+05
1.744542600000000093e+05
1.744982399999999907e+05
1.745837999999999884e+05
1.746216600000000035e+05
1.746309599999999919e+05
1.747462200000000012e+05
1.747926600000000035e+05
1.747998599999999860e+05
1.748279400000000023e+05
1.748618399999999965e+05
1.749249599999999919e+05
1.750127999999999884e+05
1.751083200000000070e+05
1.751204400000000023e+05
1.751685599999999977e+05
1.840596000000000058e+05
1.841488200000000070e+05
1.841665799999999872e+05
1.842337799999999988e+05
1.843000199999999895e+05
1.843351199999999953e+05
1.843874400000000023e+05
1.844067600000000093e+05
1.844399400000000023e+05
1.845259800000000105e+05
1.846080000000000000e+05
1.846311000000000058e+05
1.870567799999999988e+05
1.875799200000000128e+05
1.881832200000000012e+05
1.883785799999999872e+05
1.888253999999999942e+05
1.968532799999999988e+05
1.969329599999999919e+05
1.969567200000000012e+05
1.970347799999999988e+05
1.970632799999999988e+05
1.970888399999999965e+05
1.971333599999999860e+05
1.971589200000000128e+05
1.971832200000000012e+05
1.971920400000000081e+05
1.972635599999999977e+05
1.973816400000000140e+05
1.974557999999999884e+05
1.975165199999999895e+05
1.975906199999999953e+05
1.976453999999999942e+05
1.976695799999999872e+05
1.977420599999999977e+05
1.978153800000000047e+05
1.978849200000000128e+05
1.979136600000000035e+05
1.979888999999999942e+05
2.021558399999999965e+05
2.022350400000000081e+05
2.022985199999999895e+05
2.024059200000000128e+05
2.024828399999999965e+05
2.025096000000000058e+05
2.025701400000000140e+05
2.026416000000000058e+05
2.026711199999999953e+05
2.026996199999999953e+05
2.028490199999999895e+05
2.028862200000000012e+05
2.030196000000000058e+05
2.030575799999999872e+05
2.031433200000000070e+05
2.032153200000000070e+05
2.033684400000000023e+05
2.033759400000000023e+05
2.033895000000000000e+05
2.034467999999999884e+05
2.035696799999999930e+05
2.035897799999999988e+05
2.036167200000000012e+05
2.036863800000000047e+05
2.037300000000000000e+05
2.038351799999999930e+05
2.039018399999999965e+05
2.039440799999999872e+05
2.040630599999999977e+05
2.042616600000000035e+05
2.066762999999999884e+05
2.075123999999999942e+05
2.077571400000000140e+05
2.090533200000000070e+05
2.091583200000000070e+05
2.092494599999999919e+05
2.095000799999999872e+05
2.095875599999999977e+05
2.096449200000000128e+05
2.097397799999999988e+05
2.098018800000000047e+05
2.098768200000000070e+05
2.099187000000000116e+05
2.099635199999999895e+05
2.100044400000000023e+05
2.100757799999999988e+05
2.101018800000000047e+05
2.101718399999999965e+05
2.101906799999999930e+05
2.102014800000000105e+05
2.102236799999999930e+05
2.102745599999999977e+05
2.103060599999999977e+05
2.103478200000000070e+05
2.103747600000000093e+05
2.104161000000000058e+05
2.104366199999999953e+05
2.104489200000000128e+05
2.105791199999999953e+05
2.105880000000000000e+05
2.106509400000000023e+05
2.106760799999999872e+05
2.107123800000000047e+05
2.107636199999999953e+05
2.107992600000000093e+05
2.108317799999999988e+05
2.108707200000000012e+05
2.109624599999999919e+05
2.109922200000000012e+05
2.110487999999999884e+05
2.111200799999999872e+05
2.111438399999999965e+05
2.111653800000000047e+05
2.111728800000000047e+05
2.112420599999999977e+05
2.112661199999999953e+05
2.112908999999999942e+05
2.113132799999999988e+05
2.113234200000000128e+05
2.113453800000000047e+05
2.113740000000000000e+05
2.113959599999999919e+05
2.114572200000000012e+05
2.115232200000000012e+05
2.127768599999999860e+05
2.130402600000000093e+05
2.136110400000000081e+05
2.145834599999999919e+05
2.196079800000000105e+05
2.204072399999999907e+05
2.207158200000000070e+05
2.208694800000000105e+05
2.209418399999999965e+05
2.210239200000000128e+05
2.211469200000000128e+05
2.211773399999999965e+05
2.212381799999999930e+05
2.213003399999999965e+05
2.213140199999999895e+05
2.213378399999999965e+05
2.213888999999999942e+05
2.214496799999999930e+05
2.214940799999999872e+05
2.216285400000000081e+05
2.216959200000000128e+05
2.217377999999999884e+05
2.217882000000000116e+05
2.218519800000000105e+05
2.218927799999999988e+05
2.219311799999999930e+05
2.219847600000000093e+05
2.221621199999999953e+05
2.222689800000000105e+05
2.223356400000000140e+05
2.224122600000000093e+05
2.224346400000000140e+05
2.225479200000000128e+05
2.226308399999999965e+05
2.227237200000000012e+05
2.227593599999999860e+05
2.228038800000000047e+05
2.228728800000000047e+05
2.229611400000000140e+05
2.230303200000000070e+05
2.231206199999999953e+05
2.231607600000000093e+05
2.232475199999999895e+05
2.232912600000000093e+05
2.233052999999999884e+05
2.234045400000000081e+05
2.234496600000000035e+05
2.234866199999999953e+05
2.235456600000000035e+05
2.236146000000000058e+05
2.236887600000000093e+05
2.237462399999999907e+05
2.238450000000000000e+05
2.239107600000000093e+05
2.240051400000000140e+05
2.240544599999999919e+05
2.241670799999999872e+05
2.242103399999999965e+05
2.242443599999999860e+05
2.242785599999999977e+05
2.243335199999999895e+05
2.243618999999999942e+05
2.243975400000000081e+05
2.245056600000000035e+05
2.246422799999999988e+05
2.246631600000000035e+05
2.247696000000000058e+05
2.248139400000000023e+05
2.248309800000000105e+05
2.249385599999999977e+05
2.249909400000000023e+05
2.250184200000000128e+05
2.250368399999999965e+05
2.250695400000000081e+05
2.250857999999999884e+05
2.251378200000000070e+05
2.251920599999999977e+05
2.252168999999999942e+05
2.252322600000000093e+05
2.252769599999999919e+05
2.252897399999999907e+05
2.253239400000000023e+05
2.254077600000000093e+05
2.254191600000000035e+05
2.254318200000000070e+05
2.254522200000000012e+05
2.255018399999999965e+05
2.255093999999999942e+05
2.255584200000000128e+05
2.255791199999999953e+05
2.255863800000000047e+05
2.256902999999999884e+05
2.257040400000000081e+05
2.257632600000000093e+05
2.258539800000000105e+05
2.258976000000000058e+05
2.259675000000000000e+05
2.259902399999999907e+05
2.260118399999999965e+05
2.260461000000000058e+05
2.260821600000000035e+05
2.260900199999999895e+05
2.261183399999999965e+05
2.261464800000000105e+05
2.261559599999999919e+05
2.261849400000000023e+05
2.262129599999999919e+05
2.262310799999999872e+05
2.262799200000000128e+05
2.263401000000000058e+05
2.263783200000000070e+05
2.264558399999999965e+05
2.264892000000000116e+05
2.298625199999999895e+05
2.306467200000000012e+05
2.335674599999999919e+05
2.340070799999999872e+05
2.348327999999999884e+05
2.364360000000000000e+05
2.372090400000000081e+05
2.378013599999999860e+05
2.379070199999999895e+05
2.381549400000000023e+05
2.391100799999999872e+05
2.395308599999999860e+05
2.399146799999999930e+05
2.403621600000000035e+05
2.412088200000000070e+05
2.415263399999999965e+05
2.415933599999999860e+05
2.416924800000000105e+05
2.422320000000000000e+05
2.425457399999999907e+05
2.426390400000000081e+05
2.430113399999999965e+05
2.433548999999999942e+05
2.435652000000000116e+05
2.436827999999999884e+05
2.438347200000000012e+05
2.440018200000000070e+05
2.447121000000000058e+05
2.449726199999999953e+05
2.452762200000000012e+05
2.457703200000000070e+05
2.461014599999999919e+05
2.464011600000000035e+05
2.464918800000000047e+05
2.466967200000000012e+05
2.470362000000000116e+05
2.471502600000000093e+05
2.476798800000000047e+05
2.480442000000000116e+05
2.481919800000000105e+05
2.508801000000000058e+05
2.518887000000000116e+05
2.536837200000000012e+05
2.539492799999999988e+05
2.546970599999999977e+05
2.562700799999999872e+05
2.563537799999999988e+05
2.563885799999999872e+05
2.564455199999999895e+05
2.564854800000000105e+05
2.566806000000000058e+05
2.567181600000000035e+05
2.568175199999999895e+05
2.569740599999999977e+05
2.594926199999999953e+05
2.617502399999999907e+05
2.625670800000000163e+05
2.629710000000000000e+05
2.634570599999999977e+05
2.650615200000000186e+05
2.676290399999999790e+05
2.677822199999999721e+05
2.786814000000000233e+05
2.872192199999999721e+05
2.885785800000000163e+05
2.893352999999999884e+05
2.909365800000000163e+05
2.915006400000000140e+05
2.923668599999999860e+05
2.926724400000000023e+05
2.928085800000000163e+05
2.929271400000000140e+05
2.931943200000000070e+05
2.935190399999999790e+05
2.943549600000000210e+05
2.945006400000000140e+05
2.949845999999999767e+05
2.954888400000000256e+05
2.955587999999999884e+05
2.958050399999999790e+05
2.959183200000000070e+05
2.964962399999999907e+05
2.966326199999999953e+05
2.968806599999999744e+05
2.972650800000000163e+05
2.973766799999999930e+05
2.976752999999999884e+05
2.978051400000000140e+05
2.995525200000000186e+05
3.011092199999999721e+05
3.015527399999999907e+05
3.016084199999999837e+05
3.016744799999999814e+05
3.018940800000000163e+05
3.019680000000000000e+05
3.021493200000000070e+05
3.021664199999999837e+05
3.021945000000000000e+05
3.022455599999999977e+05
3.023128800000000047e+05
3.023370000000000000e+05
3.023580000000000000e+05
3.024027000000000116e+05
3.024276599999999744e+05
3.024644400000000023e+05
3.025372800000000279e+05
3.025589400000000023e+05
3.025747800000000279e+05
3.026095200000000186e+05
3.026502000000000116e+05
3.026686199999999953e+05
3.026805000000000000e+05
3.026915999999999767e+05
3.027259199999999837e+05
3.027454799999999814e+05
3.027571799999999930e+05
3.027763200000000070e+05
3.027829199999999837e+05
3.028125000000000000e+05
3.028162800000000279e+05
3.028212600000000093e+05
3.028857000000000116e+05
3.028930200000000186e+05
3.029188800000000047e+05
3.029320800000000163e+05
3.029459400000000023e+05
3.029625599999999977e+05
3.030149400000000023e+05
3.030346799999999930e+05
3.030645000000000000e+05
3.030766799999999930e+05
3.030901199999999953e+05
3.031062600000000093e+05
3.031250999999999767e+05
3.031401599999999744e+05
3.031849199999999837e+05
3.031981799999999930e+05
3.032109000000000233e+05
3.032574000000000233e+05
3.033508200000000070e+05
3.033658800000000047e+05
3.034372800000000279e+05
3.034622399999999907e+05
3.034694400000000023e+05
3.034921799999999930e+05
3.035031599999999744e+05
3.035160000000000000e+05
3.035400599999999977e+05
3.036112199999999721e+05
3.036427199999999721e+05
3.036490200000000186e+05
3.037185000000000000e+05
3.037372800000000279e+05
3.037513800000000047e+05
3.037616400000000140e+05
3.038316599999999744e+05
3.038593200000000070e+05
3.038881799999999930e+05
3.039067800000000279e+05
3.039156599999999744e+05
3.039335399999999790e+05
3.039689400000000023e+05
3.039785399999999790e+05
3.040089600000000210e+05
3.040302600000000093e+05
3.040448400000000256e+05
3.040602000000000116e+05
3.040753800000000047e+05
3.040832999999999884e+05
3.041467800000000279e+05
3.041534400000000023e+05
3.041830800000000163e+05
3.042118800000000047e+05
3.042474600000000210e+05
3.042612600000000093e+05
3.042753599999999860e+05
3.042879000000000233e+05
3.043312199999999721e+05
3.043495800000000163e+05
3.043579199999999837e+05
3.043750800000000163e+05
3.044277000000000116e+05
3.044550000000000000e+05
3.044715000000000000e+05
3.044791799999999930e+05
3.045021599999999744e+05
3.045090599999999977e+05
3.045645599999999977e+05
3.045738599999999860e+05
3.045987000000000116e+05
3.046246199999999953e+05
3.046944000000000233e+05
3.047070599999999977e+05
3.047508599999999860e+05
3.048032399999999907e+05
3.048112800000000279e+05
3.048517800000000279e+05
3.048779400000000023e+05
3.048913800000000047e+05
3.049770599999999977e+05
3.049954199999999837e+05
3.050359799999999814e+05
3.050530800000000163e+05
3.050603400000000256e+05
3.050726400000000140e+05
3.050815800000000163e+05
3.051517800000000279e+05
3.051695999999999767e+05
3.051769799999999814e+05
3.052219199999999837e+05
3.052725000000000000e+05
3.052946400000000140e+05
3.053017199999999721e+05
3.053184000000000233e+05
3.053307600000000093e+05
3.053708400000000256e+05
3.054177600000000093e+05
3.054630599999999977e+05
3.055025399999999790e+05
3.055391400000000140e+05
3.056042999999999884e+05
3.056108400000000256e+05
3.056185800000000163e+05
3.056495399999999790e+05
3.056842199999999721e+05
3.057165000000000000e+05
3.057754799999999814e+05
3.058158599999999860e+05
3.147163200000000070e+05
3.157579799999999814e+05
3.188520000000000000e+05
3.190723200000000070e+05
3.191884199999999837e+05
3.198857999999999884e+05
3.214665599999999977e+05
3.239916599999999744e+05
3.245725800000000163e+05
3.257326799999999930e+05
3.259944600000000210e+05
3.267065999999999767e+05
3.281169000000000233e+05
3.284270999999999767e+05
3.287597999999999884e+05
3.291951599999999744e+05
3.292333800000000047e+05
3.293638200000000070e+05
3.295722000000000116e+05
3.297153599999999860e+05
3.298196400000000140e+05
3.301476599999999744e+05
3.301868400000000256e+05
3.302801400000000140e+05
3.303120599999999977e+05
3.303640800000000163e+05
3.303702600000000093e+05
3.304157999999999884e+05
3.304579199999999837e+05
3.305065200000000186e+05
3.305469000000000233e+05
3.305665200000000186e+05
3.305873400000000256e+05
3.306140399999999790e+05
3.306422399999999907e+05
3.306602399999999907e+05
3.306760200000000186e+05
3.307077600000000093e+05
3.307697999999999884e+05
3.307934400000000023e+05
3.308079600000000210e+05
3.308482800000000279e+05
3.309137999999999884e+05
3.309335399999999790e+05
3.309470399999999790e+05
3.309740399999999790e+05
3.309843599999999860e+05
3.310025399999999790e+05
3.310181400000000140e+05
3.310447199999999721e+05
3.310532999999999884e+05
3.310816199999999953e+05
3.311060399999999790e+05
3.311148599999999860e+05
3.311255999999999767e+05
3.311495399999999790e+05
3.311726400000000140e+05
3.311892600000000093e+05
3.312194400000000023e+05
3.312435000000000000e+05
3.312536400000000140e+05
3.313100999999999767e+05
3.313255800000000163e+05
3.313633200000000070e+05
3.314281199999999953e+05
3.314431799999999930e+05
3.314587199999999721e+05
3.314688599999999860e+05
3.314907000000000116e+05
3.315092999999999884e+05
3.315263400000000256e+05
3.315616799999999930e+05
3.315894000000000233e+05
3.316160399999999790e+05
3.316546799999999930e+05
3.316898400000000256e+05
3.317327399999999907e+05
3.317537999999999884e+05
3.317678400000000256e+05
3.318053400000000256e+05
3.318395399999999790e+05
3.318634199999999837e+05
3.318792600000000093e+05
3.319402199999999721e+05
3.319530000000000000e+05
3.319791599999999744e+05
3.320080800000000163e+05
3.320151599999999744e+05
3.320754600000000210e+05
3.321013200000000070e+05
3.321250800000000163e+05
3.321519600000000210e+05
3.322164000000000233e+05
3.322791599999999744e+05
3.324166799999999930e+05
3.412883400000000256e+05
3.417147000000000116e+05
3.419723400000000256e+05
3.435451799999999930e+05
3.448288800000000047e+05
3.457218599999999860e+05
3.486259199999999837e+05
3.490255200000000186e+05
3.515045999999999767e+05
3.524341199999999953e+05
3.529184400000000023e+05
3.531534000000000233e+05
3.535076400000000140e+05
3.535589400000000023e+05
3.537257999999999884e+05
3.538098599999999860e+05
3.538864199999999837e+05
3.539321400000000140e+05
3.541205399999999790e+05
3.542082000000000116e+05
3.542366400000000140e+05
3.542465999999999767e+05
3.542880000000000000e+05
3.543284400000000023e+05
3.543459600000000210e+05
3.543770999999999767e+05
3.543924600000000210e+05
3.544165800000000163e+05
3.544456799999999930e+05
3.544642800000000279e+05
3.544858200000000070e+05
3.545025000000000000e+05
3.545219400000000023e+05
3.545349000000000233e+05
3.545800800000000163e+05
3.546249600000000210e+05
3.546358800000000047e+05
3.546485399999999790e+05
3.546655200000000186e+05
3.546819000000000233e+05
3.547016400000000140e+05
3.547152000000000116e+05
3.547245599999999977e+05
3.547567199999999721e+05
3.547677000000000116e+05
3.547831799999999930e+05
3.548443800000000047e+05
3.548793599999999860e+05
3.549142199999999721e+05
3.549393599999999860e+05
3.549541199999999953e+05
3.549715200000000186e+05
3.549899400000000023e+05
3.550212600000000093e+05
3.550809000000000233e+05
3.551498400000000256e+05
3.551592000000000116e+05
3.551730599999999977e+05
3.552263400000000256e+05
3.552375599999999977e+05
3.552477000000000116e+05
3.552757199999999721e+05
3.553038599999999860e+05
3.553246199999999953e+05
3.553322399999999907e+05
3.553824600000000210e+05
3.554093400000000256e+05
3.554520599999999977e+05
3.555152399999999907e+05
3.555836400000000140e+05
3.555898800000000047e+05
3.556157999999999884e+05
3.556387199999999721e+05
3.556674600000000210e+05
3.557064000000000233e+05
3.557375399999999790e+05
3.557844000000000233e+05
3.558098400000000256e+05
3.558635999999999767e+05
3.559989600000000210e+05
3.561125399999999790e+05
3.561345000000000000e+05
3.561941400000000140e+05
3.563145599999999977e+05
3.563243400000000256e+05
3.564537000000000116e+05
3.565351799999999930e+05
3.565520999999999767e+05
3.664703400000000256e+05
3.682581599999999744e+05
3.683738400000000256e+05
3.685447199999999721e+05
3.688268400000000256e+05
3.712800599999999977e+05
3.718296599999999744e+05
3.721609199999999837e+05
3.739749600000000210e+05
3.740030399999999790e+05
3.760330200000000186e+05
3.764562600000000093e+05
3.766139400000000023e+05
3.769226400000000140e+05
3.769620599999999977e+05
3.773097600000000093e+05
3.774264600000000210e+05
3.774655200000000186e+05
3.775204799999999814e+05
3.776080800000000163e+05
3.777461400000000140e+05
3.778147199999999721e+05
3.778983599999999860e+05
3.781520999999999767e+05
3.782359199999999837e+05
3.784868400000000256e+05
3.785255999999999767e+05
3.786922800000000279e+05
3.788328599999999860e+05
3.788944199999999837e+05
3.789294000000000233e+05
3.789695999999999767e+05
3.790807800000000279e+05
3.791071799999999930e+05
3.791619600000000210e+05
3.792358800000000047e+05
3.792745200000000186e+05
3.792960599999999977e+05
3.793342199999999721e+05
3.793683599999999860e+05
3.794449799999999814e+05
3.794769000000000233e+05
3.795165000000000000e+05
3.795571799999999930e+05
3.795857999999999884e+05
3.796507800000000279e+05
3.796974000000000233e+05
3.797204400000000023e+05
3.797452800000000279e+05
3.797635800000000163e+05
3.797865599999999977e+05
3.798163800000000047e+05
3.798287399999999907e+05
3.798430800000000163e+05
3.798582000000000116e+05
3.798732000000000116e+05
3.799127999999999884e+05
3.799359600000000210e+05
3.799755599999999977e+05
3.800425200000000186e+05
3.800889600000000210e+05
3.801175200000000186e+05
3.801270599999999977e+05
3.801517199999999721e+05
3.801585000000000000e+05
3.801777000000000116e+05
3.802097399999999907e+05
3.802437000000000116e+05
3.802648800000000047e+05
3.803035200000000186e+05
3.803165399999999790e+05
3.803452800000000279e+05
3.803706599999999744e+05
3.803965200000000186e+05
3.804070200000000186e+05
3.804387600000000093e+05
3.804453599999999860e+05
3.804680999999999767e+05
3.804841199999999953e+05
3.805072199999999721e+05
3.805156199999999953e+05
3.805365599999999977e+05
3.805844400000000023e+05
3.806201400000000140e+05
3.806506199999999953e+05
3.806730000000000000e+05
3.807142199999999721e+05
3.807277199999999721e+05
3.807817199999999721e+05
3.808158599999999860e+05
3.808575000000000000e+05
3.808785599999999977e+05
3.809142000000000116e+05
3.809234400000000023e+05
3.809556599999999744e+05
3.809667600000000093e+05
3.809799000000000233e+05
3.809983200000000070e+05
3.810470399999999790e+05
3.810652800000000279e+05
3.811371599999999744e+05
3.811455599999999977e+05
3.811731599999999744e+05
3.812038800000000047e+05
3.812424600000000210e+05
3.813197999999999884e+05
3.813776400000000140e+05
3.814769400000000023e+05
3.815292600000000093e+05
3.815508599999999860e+05
3.815587199999999721e+05
3.815996400000000140e+05
3.816184799999999814e+05
3.816894000000000233e+05
3.817819799999999814e+05
3.817958400000000256e+05
3.818564400000000023e+05
3.818667000000000116e+05
3.819463200000000070e+05
3.819547199999999721e+05
3.820001400000000140e+05
3.820272000000000116e+05
3.820639799999999814e+05
3.821435999999999767e+05
3.821656799999999930e+05
3.822507600000000093e+05
3.868269000000000233e+05
3.899062199999999721e+05
3.915465000000000000e+05
3.919164600000000210e+05
3.931757399999999907e+05
3.944826599999999744e+05
3.949848599999999860e+05
3.972104400000000023e+05
3.974048400000000256e+05
3.974707199999999721e+05
3.975811799999999930e+05
3.976504199999999837e+05
3.976971599999999744e+05
3.977299799999999814e+05
3.978514799999999814e+05
3.981075599999999977e+05
3.982482000000000116e+05
3.985933800000000047e+05
4.028030399999999790e+05
4.061027999999999884e+05
4.068845999999999767e+05
4.071010200000000186e+05
4.073359199999999837e+05
4.079314199999999837e+05
4.082526599999999744e+05
4.088822399999999907e+05
4.091653800000000047e+05
4.093780800000000163e+05
4.094423400000000256e+05
4.097349600000000210e+05
4.100357999999999884e+05
4.102592999999999884e+05
4.103590200000000186e+05
4.109099400000000023e+05
4.112233800000000047e+05
4.114358400000000256e+05
4.116222600000000093e+05
4.123052999999999884e+05
4.125162600000000093e+05
4.126030200000000186e+05
4.130194799999999814e+05
4.131069600000000210e+05
4.136786400000000140e+05
4.140824400000000023e+05
4.141635599999999977e+05
4.143013800000000047e+05
4.148591400000000140e+05
4.150219799999999814e+05
4.150750800000000163e+05
4.153359000000000233e+05
4.154372399999999907e+05
4.158008400000000256e+05
4.162605000000000000e+05
4.163579400000000023e+05
4.164762000000000116e+05
4.167782399999999907e+05
4.173891599999999744e+05
4.175484600000000210e+05
4.185931199999999953e+05
4.190743800000000047e+05
4.193303400000000256e+05
4.195289400000000023e+05
4.197232199999999721e+05
4.199442000000000116e+05
4.201000800000000163e+05
4.201213200000000070e+05
4.206110399999999790e+05
4.207234199999999837e+05
4.208257800000000279e+05
4.257371400000000140e+05
4.263189000000000233e+05
4.264939799999999814e+05
4.272042000000000116e+05
4.274133599999999860e+05
4.279925999999999767e+05
4.280822399999999907e+05
4.285915800000000163e+05
4.289035200000000186e+05
4.290857399999999907e+05
4.298475000000000000e+05
4.310334000000000233e+05
4.312042800000000279e+05
4.344696599999999744e+05
4.349537999999999884e+05
4.359103800000000047e+05
4.360877999999999884e+05
4.363283400000000256e+05
4.364662800000000279e+05
4.366554600000000210e+05
4.368388200000000070e+05
4.370027999999999884e+05
4.370422800000000279e+05
4.371131400000000140e+05
4.372382999999999884e+05
4.372846799999999930e+05
4.374363599999999860e+05
4.375233599999999860e+05
4.376254199999999837e+05
4.376435999999999767e+05
4.376780999999999767e+05
4.377169199999999837e+05
4.377314400000000023e+05
4.377587999999999884e+05
4.377844199999999837e+05
4.377974400000000023e+05
4.378417199999999721e+05
4.379074199999999837e+05
4.379242800000000279e+05
4.379370000000000000e+05
4.380162000000000116e+05
4.381052399999999907e+05
4.381275599999999977e+05
4.381430999999999767e+05
4.381945200000000186e+05
4.382394000000000233e+05
4.382617800000000279e+05
4.382918400000000256e+05
4.383089400000000023e+05
4.383267600000000093e+05
4.383358200000000070e+05
4.383485999999999767e+05
4.383629400000000023e+05
4.383885599999999977e+05
4.384192800000000279e+05
4.384325999999999767e+05
4.385079000000000233e+05
4.385169000000000233e+05
4.385742600000000093e+05
4.385896199999999953e+05
4.386178200000000070e+05
4.386435599999999977e+05
4.386657600000000093e+05
4.386737999999999884e+05
4.387077000000000116e+05
4.387173599999999860e+05
4.387867800000000279e+05
4.388323800000000047e+05
4.388482800000000279e+05
4.388974799999999814e+05
4.389266400000000140e+05
4.389354600000000210e+05
4.389580800000000163e+05
4.389704400000000023e+05
4.390063800000000047e+05
4.390287600000000093e+05
4.390405800000000163e+05
4.390508400000000256e+05
4.390620599999999977e+05
4.390749000000000233e+05
4.391191199999999953e+05
4.391293200000000070e+05
4.391887199999999721e+05
4.392142199999999721e+05
4.392470399999999790e+05
4.392636599999999744e+05
4.394057999999999884e+05
4.395040200000000186e+05
4.395435599999999977e+05
4.395715200000000186e+05
4.396042199999999721e+05
4.396802999999999884e+05
4.397757000000000116e+05
4.484765399999999790e+05
4.494825000000000000e+05
4.496035800000000163e+05
4.499368800000000047e+05
4.502566799999999930e+05
4.507227000000000116e+05
4.507620599999999977e+05
4.508015999999999767e+05
4.509036599999999744e+05
4.509490200000000186e+05
4.511945999999999767e+05
4.513310399999999790e+05
4.516315200000000186e+05
4.523405399999999790e+05
4.531085999999999767e+05
4.534922399999999907e+05
4.557690599999999977e+05
4.570728599999999860e+05
4.579900200000000186e+05
4.586608200000000070e+05
4.589359799999999814e+05
4.590947999999999884e+05
4.593669000000000233e+05
4.597997999999999884e+05
4.605466799999999930e+05
4.608848400000000256e+05
4.618190399999999790e+05
4.627084799999999814e+05
4.634101199999999953e+05
4.653174000000000233e+05
4.655270399999999790e+05
4.672687199999999721e+05
4.674527399999999907e+05
4.676686799999999930e+05
4.678707000000000116e+05
4.679752199999999721e+05
4.680550800000000163e+05
4.681125599999999977e+05
4.683640800000000163e+05
4.684605599999999977e+05
4.685322000000000116e+05
4.688348400000000256e+05
4.689634199999999837e+05
4.694475599999999977e+05
4.698702000000000116e+05
4.703037600000000093e+05
4.715237999999999884e+05
4.717159199999999837e+05
4.730266199999999953e+05
4.732438200000000070e+05
4.750576199999999953e+05
4.752214199999999837e+05
4.756382399999999907e+05
4.761682800000000279e+05
4.771694400000000023e+05
4.817442000000000116e+05
4.832512199999999721e+05
4.842802800000000279e+05
4.851890399999999790e+05
4.852302600000000093e+05
4.852935599999999977e+05
4.854454199999999837e+05
4.856152800000000279e+05
4.861609799999999814e+05
4.867590000000000000e+05
4.874809799999999814e+05
4.886613599999999860e+05
4.890819600000000210e+05
4.893247199999999721e+05
4.992226199999999953e+05
4.995688800000000047e+05
5.015713200000000070e+05
5.032639799999999814e+05
5.049368400000000256e+05
5.056372800000000279e+05
5.176549799999999814e+05
5.177340000000000000e+05
5.178425999999999767e+05
5.178774600000000210e+05
5.179252800000000279e+05
5.179415399999999790e+05
5.179615200000000186e+05
5.180222399999999907e+05
5.180322000000000116e+05
5.180559000000000233e+05
5.180788200000000070e+05
5.180930399999999790e+05
5.181164400000000023e+05
5.181673800000000047e+05
5.181952199999999721e+05
5.182161599999999744e+05
5.182494000000000233e+05
5.182561199999999953e+05
5.182742999999999884e+05
5.183187000000000116e+05
5.183293200000000070e+05
5.183518800000000047e+05
5.183901599999999744e+05
5.185651199999999953e+05
5.185837199999999721e+05
5.186023200000000070e+05
5.186203800000000047e+05
5.186791799999999930e+05
5.187111599999999744e+05
5.187202199999999721e+05
5.187484199999999837e+05
5.187555000000000000e+05
5.188165200000000186e+05
5.188488599999999860e+05
5.188696199999999953e+05
5.189048400000000256e+05
5.189155800000000163e+05
5.189731199999999953e+05
5.190076199999999953e+05
5.190470399999999790e+05
5.190717000000000116e+05
5.191030800000000163e+05
5.191434000000000233e+05
5.192038200000000070e+05
5.192193599999999860e+05
5.192432999999999884e+05
5.192982600000000093e+05
5.193220800000000163e+05
5.193308400000000256e+05
5.193507600000000093e+05
5.193880200000000186e+05
5.194499400000000023e+05
5.194917000000000116e+05
5.195135999999999767e+05
5.195400000000000000e+05
5.195604000000000233e+05
5.195854199999999837e+05
5.196230999999999767e+05
5.197093800000000047e+05
5.197157399999999907e+05
5.197494600000000210e+05
5.197841400000000140e+05
5.197965599999999977e+05
5.198047800000000279e+05
5.198657999999999884e+05
5.199349799999999814e+05
5.199527399999999907e+05
5.199645000000000000e+05
5.199927000000000116e+05
5.200186199999999953e+05
5.200668599999999860e+05
5.200730999999999767e+05
5.200920000000000000e+05
5.201344799999999814e+05
5.201531400000000140e+05
5.202117600000000093e+05
5.202310200000000186e+05
5.202512999999999884e+05
5.202697800000000279e+05
5.203424400000000023e+05
5.204011199999999953e+05
5.204095800000000163e+05
5.204277000000000116e+05
5.204542199999999721e+05
5.204827800000000279e+05
5.204922600000000093e+05
5.205315000000000000e+05
5.205598200000000070e+05
5.205929400000000023e+05
5.206143599999999860e+05
5.206235999999999767e+05
5.206367399999999907e+05
5.206696799999999930e+05
5.206965599999999977e+05
5.207370000000000000e+05
5.207579400000000023e+05
5.207789400000000023e+05
5.207874600000000210e+05
5.209152600000000093e+05
5.209521599999999744e+05
5.209966199999999953e+05
5.210405999999999767e+05
5.210753400000000256e+05
5.211084000000000233e+05
5.211216599999999744e+05
5.211460800000000163e+05
5.211727800000000279e+05
5.212194600000000210e+05
5.212682399999999907e+05
5.213394000000000233e+05
5.213992800000000279e+05
5.214478800000000047e+05
5.215027800000000279e+05
5.215430999999999767e+05
5.216160000000000000e+05
5.216402999999999884e+05
5.271434399999999441e+05
5.280506999999999534e+05
5.288131800000000512e+05
5.298995400000000373e+05
5.317699200000000419e+05
5.333209799999999814e+05
5.334613199999999488e+05
5.336884799999999814e+05
5.337611400000000140e+05
5.339052600000000093e+05
5.340513599999999860e+05
5.342285400000000373e+05
5.342816400000000140e+05
5.344006199999999953e+05
5.345337600000000093e+05
5.345746199999999953e+05
5.346070799999999581e+05
5.347495799999999581e+05
5.348019000000000233e+05
5.348567399999999907e+05
5.350830600000000559e+05
5.352679799999999814e+05
5.354365799999999581e+05
5.355356400000000140e+05
5.356108199999999488e+05
5.360143800000000047e+05
5.360800200000000186e+05
5.363251800000000512e+05
5.363962800000000279e+05
5.365824000000000233e+05
5.366285999999999767e+05
5.366523599999999860e+05
5.369302199999999721e+05
5.370068399999999674e+05
5.370527399999999907e+05
5.371020600000000559e+05
5.373141600000000326e+05
5.373802199999999721e+05
5.374209599999999627e+05
5.374665000000000000e+05
5.375010000000000000e+05
5.375690999999999767e+05
5.376042600000000093e+05
5.376648599999999860e+05
5.376952199999999721e+05
5.377702800000000279e+05
5.377815600000000559e+05
5.378238599999999860e+05
5.378510999999999767e+05
5.378870400000000373e+05
5.379068399999999674e+05
5.379551999999999534e+05
5.379798000000000466e+05
5.379986999999999534e+05
5.380305600000000559e+05
5.380630200000000186e+05
5.380784399999999441e+05
5.381297399999999907e+05
5.381550000000000000e+05
5.381836199999999953e+05
5.382011400000000140e+05
5.382480000000000000e+05
5.382844799999999814e+05
5.383200600000000559e+05
5.383420200000000186e+05
5.383571999999999534e+05
5.383644000000000233e+05
5.383861800000000512e+05
5.383978800000000047e+05
5.384236800000000512e+05
5.384516999999999534e+05
5.384758199999999488e+05
5.384838599999999860e+05
5.385286800000000512e+05
5.385364799999999814e+05
5.385543000000000466e+05
5.386258199999999488e+05
5.386548599999999860e+05
5.386905600000000559e+05
5.387003399999999674e+05
5.387222399999999907e+05
5.387411400000000140e+05
5.388060600000000559e+05
5.388729000000000233e+05
5.388965999999999767e+05
5.389118399999999674e+05
5.389713000000000466e+05
5.389873199999999488e+05
5.390190600000000559e+05
5.390261400000000140e+05
5.390788800000000047e+05
5.390898000000000466e+05
5.391248399999999674e+05
5.391356400000000140e+05
5.391673800000000047e+05
5.392143000000000466e+05
5.392289399999999441e+05
5.392360799999999581e+05
5.392814399999999441e+05
5.393049599999999627e+05
5.393281199999999953e+05
5.393668199999999488e+05
5.394620999999999767e+05
5.394755400000000373e+05
5.394847800000000279e+05
5.395059599999999627e+05
5.395150200000000186e+05
5.395286400000000140e+05
5.395675799999999581e+05
5.395874399999999441e+05
5.396351999999999534e+05
5.396497199999999721e+05
5.397100799999999581e+05
5.397178800000000047e+05
5.397338399999999674e+05
5.397730799999999581e+05
5.397828000000000466e+05
5.397901199999999953e+05
5.398290600000000559e+05
5.398708199999999488e+05
5.399188800000000047e+05
5.399826600000000326e+05
5.400045600000000559e+05
5.400399599999999627e+05
5.400684000000000233e+05
5.401040400000000373e+05
5.401359599999999627e+05
5.401436400000000140e+05
5.401621800000000512e+05
5.402023199999999488e+05
5.402349599999999627e+05
5.402526600000000326e+05
5.402995799999999581e+05
5.403423599999999860e+05
5.403621600000000326e+05
5.404386600000000326e+05
5.404783199999999488e+05
5.405284200000000419e+05
5.405699399999999441e+05
5.405944200000000419e+05
5.406868199999999488e+05
5.407378800000000047e+05
5.407629599999999627e+05
5.408005799999999581e+05
5.408613599999999860e+05
5.408827199999999721e+05
5.409367199999999721e+05
5.409477600000000093e+05
5.503908000000000466e+05
5.512189200000000419e+05
5.521670400000000373e+05
5.537597399999999907e+05
5.538937199999999721e+05
5.541383399999999674e+05
5.554048199999999488e+05
5.561062800000000279e+05
5.587821600000000326e+05
5.610940799999999581e+05
5.632790400000000373e+05
5.635735200000000186e+05
5.643694200000000419e+05
5.662365600000000559e+05
5.669717399999999907e+05
5.681136600000000326e+05
5.685408000000000466e+05
5.689293599999999860e+05
5.733542399999999907e+05
5.753927399999999907e+05
5.757770400000000373e+05
5.763414599999999627e+05
5.782684799999999814e+05
5.786896199999999953e+05
5.787784200000000419e+05
5.793628199999999488e+05
5.796937199999999721e+05
5.798435400000000373e+05
5.798658599999999860e+05
5.799763199999999488e+05
5.802960000000000000e+05
5.803530000000000000e+05
5.807752800000000279e+05
5.810756999999999534e+05
5.812051199999999953e+05
5.814169200000000419e+05
5.815124399999999441e+05
5.816036999999999534e+05
5.820851999999999534e+05
5.823258000000000466e+05
5.841771600000000326e+05
5.843065799999999581e+05
5.845480200000000186e+05
5.848228800000000047e+05
5.866476600000000326e+05
5.868435600000000559e+05
5.887991999999999534e+05
5.889526199999999953e+05
5.890506600000000326e+05
5.891597399999999907e+05
5.892714000000000233e+05
5.893318800000000047e+05
5.893572600000000093e+05
5.893847399999999907e+05
5.894134799999999814e+05
5.894468399999999674e+05
5.895579000000000233e+05
5.896350000000000000e+05
5.899903800000000047e+05
5.900082600000000093e+05
5.901065999999999767e+05
5.902338000000000466e+05
5.903690999999999767e+05
5.904018599999999860e+05
5.904105000000000000e+05
5.905616400000000140e+05
5.907765600000000559e+05
5.908636199999999953e+05
5.909578800000000047e+05
5.910210000000000000e+05
5.910562199999999721e+05
5.911346999999999534e+05
5.911631400000000140e+05
5.912824200000000419e+05
5.913386999999999534e+05
5.913732600000000093e+05
5.914055999999999767e+05
5.914218599999999860e+05
5.914525799999999581e+05
5.914909799999999814e+05
5.915058000000000466e+05
5.915398800000000047e+05
5.916580799999999581e+05
5.916739200000000419e+05
5.917252800000000279e+05
5.953197600000000093e+05
5.974811999999999534e+05
5.975653199999999488e+05
5.977833599999999860e+05
5.979148199999999488e+05
5.980598399999999674e+05
5.980909200000000419e+05
5.981486400000000140e+05
5.982273000000000466e+05
5.982854399999999441e+05
5.983090799999999581e+05
5.983669200000000419e+05
5.983965000000000000e+05
5.984883599999999860e+05
5.985413399999999674e+05
5.986342800000000279e+05
5.987877600000000093e+05
5.988545400000000373e+05
5.989285200000000186e+05
5.989966199999999953e+05
5.990472600000000093e+05
5.992304399999999441e+05
5.994754200000000419e+05
5.997795600000000559e+05
6.000521999999999534e+05
6.001792199999999721e+05
6.003787199999999721e+05
6.006266999999999534e+05
6.044881199999999953e+05
6.051686999999999534e+05
6.061121400000000140e+05
6.072888599999999860e+05
6.093814200000000419e+05
6.097320600000000559e+05
6.098301600000000326e+05
6.099625200000000186e+05
6.101730600000000559e+05
6.103378199999999488e+05
6.104103599999999860e+05
6.104764799999999814e+05
6.105005400000000373e+05
6.105352800000000279e+05
6.105769799999999814e+05
6.106176600000000326e+05
6.107091600000000326e+05
6.124589399999999441e+05
6.126165600000000559e+05
6.129682199999999721e+05
6.151141199999999953e+05
6.151906800000000512e+05
6.154571999999999534e+05
6.160749599999999627e+05
6.164284200000000419e+05
6.166961400000000140e+05
6.171033000000000466e+05
6.172822800000000279e+05
6.174373800000000047e+05
6.176015999999999767e+05
6.177233399999999674e+05
6.179379599999999627e+05
6.180074399999999441e+05
6.181485000000000000e+05
6.184536600000000326e+05
6.185379000000000233e+05
6.187762199999999721e+05
6.188381400000000140e+05
6.189037199999999721e+05
6.189747600000000093e+05
6.190423199999999488e+05
6.190875600000000559e+05
6.192969000000000233e+05
6.194910000000000000e+05
6.196418399999999674e+05
6.199290600000000559e+05
6.199736400000000140e+05
6.200505600000000559e+05
6.200985000000000000e+05
6.233110799999999581e+05
6.236711999999999534e+05
6.237340799999999581e+05
6.238280400000000373e+05
6.241026600000000326e+05
6.245005799999999581e+05
6.246404399999999441e+05
6.255525000000000000e+05
6.270304799999999814e+05
6.271334399999999441e+05
6.272268000000000466e+05
6.275369399999999441e+05
6.276048000000000466e+05
6.277405799999999581e+05
6.278034000000000233e+05
6.278424599999999627e+05
6.279148800000000047e+05
6.279297600000000093e+05
6.279523800000000047e+05
6.280470600000000559e+05
6.281443199999999488e+05
6.281692800000000279e+05
6.282700799999999581e+05
6.283126800000000512e+05
6.284859000000000233e+05
6.284961600000000326e+05
6.285911400000000140e+05
6.295061400000000140e+05
6.330727199999999721e+05
6.331845600000000559e+05
6.333142199999999721e+05
6.336005400000000373e+05
6.337291199999999953e+05
6.340010400000000373e+05
6.344920200000000186e+05
6.347767199999999721e+05
6.349085999999999767e+05
6.351943800000000047e+05
6.353004599999999627e+05
6.355469399999999441e+05
6.356583599999999860e+05
6.357678000000000466e+05
6.358405799999999581e+05
6.359452199999999721e+05
6.360683399999999674e+05
6.361312199999999721e+05
6.362562600000000093e+05
6.363330000000000000e+05
6.363884399999999441e+05
6.364796999999999534e+05
6.365379599999999627e+05
6.367401600000000326e+05
6.369035400000000373e+05
6.370126800000000512e+05
6.371927399999999907e+05
6.372850799999999581e+05
6.373737600000000093e+05
6.374490000000000000e+05
6.375092399999999907e+05
6.376237199999999721e+05
6.377590799999999581e+05
6.378408599999999860e+05
6.379055400000000373e+05
6.379934399999999441e+05
6.381159000000000233e+05
6.381874799999999814e+05
6.382474799999999814e+05
6.382792199999999721e+05
6.383377199999999721e+05
6.384039000000000233e+05
6.384305999999999767e+05
6.384942600000000093e+05
6.385248599999999860e+05
6.385823399999999674e+05
6.386159399999999441e+05
6.386771400000000140e+05
6.386901600000000326e+05
6.387808199999999488e+05
6.388018800000000047e+05
6.388190400000000373e+05
6.388492199999999721e+05
6.388990200000000186e+05
6.389398199999999488e+05
6.389664599999999627e+05
6.390395999999999767e+05
6.390523800000000047e+05
6.390931199999999953e+05
6.391196400000000140e+05
6.391348199999999488e+05
6.391931400000000140e+05
6.392366400000000140e+05
6.392546400000000140e+05
6.393162600000000093e+05
6.393381600000000326e+05
6.394026600000000326e+05
6.394216800000000512e+05
6.395582399999999907e+05
6.395644200000000419e+05
6.396262199999999721e+05
6.396571199999999953e+05
6.396808199999999488e+05
6.397115400000000373e+05
6.397782600000000093e+05
6.398526600000000326e+05
6.399913800000000047e+05
6.424957800000000279e+05
6.426080400000000373e+05
6.426482399999999907e+05
6.427862399999999907e+05
6.432606600000000326e+05
6.434455799999999581e+05
6.436017600000000093e+05
6.436913399999999674e+05
6.441889200000000419e+05
6.442579200000000419e+05
6.444351600000000326e+05
6.445288199999999488e+05
6.446083800000000047e+05
6.446624399999999441e+05
6.448016999999999534e+05
6.448525799999999581e+05
6.448935600000000559e+05
6.450070799999999581e+05
6.450722399999999907e+05
6.451147800000000279e+05
6.452198399999999674e+05
6.460030799999999581e+05
6.460519200000000419e+05
6.469711800000000512e+05
6.472640400000000373e+05
6.474150000000000000e+05
6.484242600000000093e+05
6.490579200000000419e+05
6.495565799999999581e+05
6.499276800000000512e+05
6.508930799999999581e+05
6.509677800000000279e+05
6.512353199999999488e+05
6.517900200000000186e+05
6.521655600000000559e+05
6.540076199999999953e+05
6.541566600000000326e+05
6.549313199999999488e+05
6.550643399999999674e+05
6.555496800000000512e+05
6.569884799999999814e+05
6.573949799999999814e+05
6.575675999999999767e+05
6.580693199999999488e+05
6.605148000000000466e+05
6.608339399999999441e+05
6.612395400000000373e+05
6.616632600000000093e+05
6.618352199999999721e+05
6.625327800000000279e+05
6.627121199999999953e+05
6.631730400000000373e+05
6.632914799999999814e+05
6.633330000000000000e+05
6.633716400000000140e+05
6.638043000000000466e+05
6.641481600000000326e+05
6.647897399999999907e+05
6.650153399999999674e+05
6.653104200000000419e+05
6.654701999999999534e+05
6.655093199999999488e+05
6.656547600000000093e+05
6.661545600000000559e+05
6.664361999999999534e+05
6.668424000000000233e+05
6.670978800000000047e+05
6.671345999999999767e+05
6.672416400000000140e+05
6.673145400000000373e+05
6.679689000000000233e+05
6.682330799999999581e+05
6.682953000000000466e+05
6.685537199999999721e+05
6.687470999999999767e+05
6.689019000000000233e+05
6.708217800000000279e+05
6.712524599999999627e+05
6.713230799999999581e+05
6.716875799999999581e+05
6.720700799999999581e+05
6.727323599999999860e+05
6.740635200000000186e+05
6.747017399999999907e+05
6.763801199999999953e+05
6.773335200000000186e+05
6.777772199999999721e+05
6.784747800000000279e+05
6.788617800000000279e+05
6.790725600000000559e+05
6.810860999999999767e+05
6.858025799999999581e+05
6.964664399999999441e+05
6.987810000000000000e+05
7.000705799999999581e+05
7.004078399999999674e+05
7.010810400000000373e+05
7.013597399999999907e+05
7.014993599999999860e+05
7.016904599999999627e+05
7.020601199999999953e+05
7.022260200000000186e+05
7.026301800000000512e+05
7.028970600000000559e+05
7.029652199999999721e+05
7.039282199999999721e+05
7.046672399999999907e+05
7.049255999999999767e+05
7.052032800000000279e+05
7.053396600000000326e+05
7.053717600000000093e+05
7.057289399999999441e+05
7.063676999999999534e+05
7.069603199999999488e+05
7.075385999999999767e+05
7.091741400000000140e+05
7.098490799999999581e+05
7.100706600000000326e+05
7.108905600000000559e+05
7.110647399999999907e+05
7.116443399999999674e+05
7.118462399999999907e+05
7.120137600000000093e+05
7.121304000000000233e+05
7.127546999999999534e+05
7.132973399999999674e+05
7.139518800000000047e+05
7.145045400000000373e+05
7.146971400000000140e+05
7.148733000000000466e+05
7.150378800000000047e+05
7.154940000000000000e+05
7.157198399999999674e+05
7.158106800000000512e+05
7.169600400000000373e+05
7.170936600000000326e+05
7.183662600000000093e+05
7.190403000000000466e+05
7.199299799999999814e+05
7.203630600000000559e+05
7.206121199999999953e+05
7.210320000000000000e+05
7.225097399999999907e+05
7.226504399999999441e+05
7.227310200000000186e+05
7.228794599999999627e+05
7.232618399999999674e+05
7.236810000000000000e+05
7.240488000000000466e+05
7.240830600000000559e+05
7.247343000000000466e+05
7.253191800000000512e+05
7.256014799999999814e+05
7.260469200000000419e+05
7.268489399999999441e+05
7.273833000000000466e+05
7.277783399999999674e+05
7.285132199999999721e+05
7.289690400000000373e+05
7.292191199999999953e+05
7.293835200000000186e+05
7.295317800000000279e+05
7.297511400000000140e+05
7.306250999999999767e+05
7.308472800000000279e+05
7.327908599999999860e+05
7.329670200000000186e+05
7.340455200000000186e+05
7.359373199999999488e+05
7.367359799999999814e+05
7.370176199999999953e+05
7.376117399999999907e+05
7.377808800000000047e+05
7.381871400000000140e+05
7.382365200000000186e+05
7.492276199999999953e+05
7.524794399999999441e+05
7.530950999999999767e+05
7.533067800000000279e+05
7.535859599999999627e+05
7.691441400000000140e+05
7.691750999999999767e+05
7.692169200000000419e+05
7.692446400000000140e+05
7.693042199999999721e+05
7.693173599999999860e+05
7.693395600000000559e+05
7.693721999999999534e+05
7.693967399999999907e+05
7.694323800000000047e+05
7.694820000000000000e+05
7.695202800000000279e+05
7.695616800000000512e+05
7.695928199999999488e+05
7.696486199999999953e+05
7.696762800000000279e+05
7.697339399999999441e+05
7.697416199999999953e+05
7.697876999999999534e+05
7.698052199999999721e+05
7.698329399999999441e+05
7.699074000000000233e+05
7.699177199999999721e+05
7.699719599999999627e+05
7.699945799999999581e+05
7.700047199999999721e+05
7.701984599999999627e+05
7.702618800000000047e+05
7.702913399999999674e+05
7.702989000000000233e+05
7.703555400000000373e+05
7.704207600000000093e+05
7.704322800000000279e+05
7.704544799999999814e+05
7.704828599999999860e+05
7.705024799999999814e+05
7.705109399999999441e+05
7.705447800000000279e+05
7.705619399999999441e+05
7.705700400000000373e+05
7.706416800000000512e+05
7.707316199999999953e+05
7.707633599999999860e+05
7.707733800000000047e+05
7.708504200000000419e+05
7.708685400000000373e+05
7.708978800000000047e+05
7.709576999999999534e+05
7.710010200000000186e+05
7.710078000000000466e+05
7.710349799999999814e+05
7.711154399999999441e+05
7.711591800000000512e+05
7.711824000000000233e+05
7.711992600000000093e+05
7.712103599999999860e+05
7.712248199999999488e+05
7.712324399999999441e+05
7.712643599999999860e+05
7.712916600000000326e+05
7.712988599999999860e+05
7.713154200000000419e+05
7.713236999999999534e+05
7.713543599999999860e+05
7.713965400000000373e+05
7.714314000000000233e+05
7.714861800000000512e+05
7.715389799999999814e+05
7.715552399999999907e+05
7.715950799999999581e+05
7.716952199999999721e+05
7.717289399999999441e+05
7.717648800000000047e+05
7.717835400000000373e+05
7.718538000000000466e+05
7.718675400000000373e+05
7.719158399999999674e+05
7.719332399999999907e+05
7.719540000000000000e+05
7.719940799999999581e+05
7.720669799999999814e+05
7.720739399999999441e+05
7.720996800000000512e+05
7.721441400000000140e+05
7.722526800000000512e+05
7.723008000000000466e+05
7.723402800000000279e+05
7.723611600000000326e+05
7.723750200000000186e+05
7.723866600000000326e+05
7.724290200000000186e+05
7.724590799999999581e+05
7.724818800000000047e+05
7.725348000000000466e+05
7.725649200000000419e+05
7.726098000000000466e+05
7.726636800000000512e+05
7.726849799999999814e+05
7.727493000000000466e+05
7.727645999999999767e+05
7.728125400000000373e+05
7.728820200000000186e+05
7.729984200000000419e+05
7.730929200000000419e+05
7.732195799999999581e+05
7.733696400000000140e+05
7.733926199999999953e+05
7.790904599999999627e+05
7.791903000000000466e+05
7.794714599999999627e+05
7.795851600000000326e+05
7.796818800000000047e+05
7.800063599999999860e+05
7.803139200000000419e+05
7.803429000000000233e+05
7.805709599999999627e+05
7.806947399999999907e+05
7.807915799999999581e+05
7.811029200000000419e+05
7.814831999999999534e+05
7.816576199999999953e+05
7.817519399999999441e+05
7.824386999999999534e+05
7.830265200000000186e+05
7.840033800000000047e+05
7.842460200000000186e+05
7.849070999999999767e+05
7.849306199999999953e+05
7.853713800000000047e+05
7.870374000000000233e+05
7.880296800000000512e+05
7.882212600000000093e+05
7.887320400000000373e+05
7.890065999999999767e+05
7.892824200000000419e+05
7.894655400000000373e+05
7.896594599999999627e+05
7.901301600000000326e+05
7.902928800000000047e+05
7.906888199999999488e+05
7.908587399999999907e+05
7.911018599999999860e+05
7.914926999999999534e+05
7.928158199999999488e+05
7.936504200000000419e+05
7.941853199999999488e+05
7.944273599999999860e+05
7.944786600000000326e+05
7.947145200000000186e+05
7.948306199999999953e+05
7.949103000000000466e+05
7.950869399999999441e+05
7.952463599999999860e+05
7.965379200000000419e+05
7.965976199999999953e+05
7.981505400000000373e+05
7.982558399999999674e+05
7.991143800000000047e+05
7.994653199999999488e+05
7.997947800000000279e+05
8.000952600000000093e+05
8.002044599999999627e+05
8.005573800000000047e+05
8.010622199999999721e+05
8.014240200000000186e+05
8.015623199999999488e+05
8.017008599999999860e+05
8.021722800000000279e+05
8.033329799999999814e+05
8.034430200000000186e+05
8.036939399999999441e+05
8.041645200000000186e+05
8.042621400000000140e+05
8.046615600000000559e+05
8.048449799999999814e+05
8.050920600000000559e+05
8.051397600000000093e+05
8.052030600000000559e+05
8.052401400000000140e+05
8.053721999999999534e+05
8.054103000000000466e+05
8.056605000000000000e+05
8.057440200000000186e+05
8.058529200000000419e+05
8.059147800000000279e+05
8.061792600000000093e+05
8.062744799999999814e+05
8.063111400000000140e+05
8.065853399999999674e+05
8.066429399999999441e+05
8.068519200000000419e+05
8.069309399999999441e+05
8.069680799999999581e+05
8.070205200000000186e+05
8.072313599999999860e+05
8.073445200000000186e+05
8.073745799999999581e+05
8.075349599999999627e+05
8.075728199999999488e+05
8.077715400000000373e+05
8.078779799999999814e+05
8.081263199999999488e+05
8.083318800000000047e+05
8.087236199999999953e+05
8.091581999999999534e+05
8.093452199999999721e+05
8.095324200000000419e+05
8.097791400000000140e+05
8.098869000000000233e+05
8.102947199999999721e+05
8.103564000000000233e+05
8.107375799999999581e+05
8.108716800000000512e+05
8.112775200000000186e+05
8.117398800000000047e+05
8.124238800000000047e+05
8.130667199999999721e+05
8.136622800000000279e+05
8.141291999999999534e+05
8.144797800000000279e+05
8.159558399999999674e+05
8.161434599999999627e+05
8.162484000000000233e+05
8.162977800000000279e+05
8.165596199999999953e+05
8.167132800000000279e+05
8.169659399999999441e+05
8.174758199999999488e+05
8.175438000000000466e+05
8.177585400000000373e+05
8.179094399999999441e+05
8.179861800000000512e+05
8.184074399999999441e+05
8.185699200000000419e+05
8.188726199999999953e+05
8.194688399999999674e+05
8.205735000000000000e+05
8.207845200000000186e+05
8.208430200000000186e+05
8.210648399999999674e+05
8.213117399999999907e+05
8.214094200000000419e+05
8.214596999999999534e+05
8.218867199999999721e+05
8.221399200000000419e+05
8.224414200000000419e+05
8.226154200000000419e+05
8.228390400000000373e+05
8.232735000000000000e+05
8.235365999999999767e+05
8.237861999999999534e+05
8.238080999999999767e+05
8.240275799999999581e+05
8.242470600000000559e+05
8.243767800000000279e+05
8.244974399999999441e+05
8.247147600000000093e+05
8.247795600000000559e+05
8.248172399999999907e+05
8.248592399999999907e+05
8.250764399999999441e+05
8.257410600000000559e+05
8.259323399999999674e+05
8.260246199999999953e+05
8.261395200000000186e+05
8.264504399999999441e+05
8.266774799999999814e+05
8.267439599999999627e+05
8.269612800000000279e+05
8.270058599999999860e+05
8.270738399999999674e+05
8.272620000000000000e+05
8.274063000000000466e+05
8.277313199999999488e+05
8.277571199999999953e+05
8.277939599999999627e+05
8.279700000000000000e+05
8.280194399999999441e+05
8.280830999999999767e+05
8.281189200000000419e+05
8.281529399999999441e+05
8.281712399999999907e+05
8.282665200000000186e+05
8.284470600000000559e+05
8.284759799999999814e+05
8.286005999999999767e+05
8.286245999999999767e+05
8.286584399999999441e+05
8.287702800000000279e+05
8.288199000000000233e+05
8.288535600000000559e+05
8.288818800000000047e+05
8.289493199999999488e+05
8.290020600000000559e+05
8.290265999999999767e+05
8.290524599999999627e+05
8.290711199999999953e+05
8.291078399999999674e+05
8.291520600000000559e+05
8.291729399999999441e+05
8.292025799999999581e+05
8.292463800000000047e+05
8.292579599999999627e+05
8.292920400000000373e+05
8.293098000000000466e+05
8.293325999999999767e+05
8.293893000000000466e+05
8.294011800000000512e+05
8.294096400000000140e+05
8.294395200000000186e+05
8.294485799999999581e+05
8.295373800000000047e+05
8.295544200000000419e+05
8.295667800000000279e+05
8.296166400000000140e+05
8.296260000000000000e+05
8.296459799999999814e+05
8.296797600000000093e+05
8.297006400000000140e+05
8.297784599999999627e+05
8.297860200000000186e+05
8.298713399999999674e+05
8.298810000000000000e+05
8.299165799999999581e+05
8.299747199999999721e+05
8.300114399999999441e+05
8.300210999999999767e+05
8.300733599999999860e+05
8.301133199999999488e+05
8.301583800000000047e+05
8.302114799999999814e+05
8.302372800000000279e+05
8.302779599999999627e+05
8.302879200000000419e+05
8.303132399999999907e+05
8.303210999999999767e+05
8.303426400000000140e+05
8.304205200000000186e+05
8.304451800000000512e+05
8.304691199999999953e+05
8.305222800000000279e+05
8.305351800000000512e+05
8.305710600000000559e+05
8.306760000000000000e+05
8.307071999999999534e+05
8.307153599999999860e+05
8.308174799999999814e+05
8.308680600000000559e+05
8.308753800000000047e+05
8.309505600000000559e+05
8.309602800000000279e+05
8.309807399999999907e+05
8.310139200000000419e+05
8.310774000000000233e+05
8.310958199999999488e+05
8.311373399999999674e+05
8.311653599999999860e+05
8.311884000000000233e+05
8.312508599999999860e+05
8.312920200000000186e+05
8.313050999999999767e+05
8.313620400000000373e+05
8.314546199999999953e+05
8.314897199999999721e+05
8.315131199999999953e+05
8.315458800000000047e+05
8.316590999999999767e+05
8.319120600000000559e+05
8.350773000000000466e+05
8.386386600000000326e+05
8.395256400000000140e+05
8.406819599999999627e+05
8.415016800000000512e+05
8.420437800000000279e+05
8.426118599999999860e+05
8.469267600000000093e+05
8.469726600000000326e+05
8.470220999999999767e+05
8.471941800000000512e+05
8.474944200000000419e+05
8.475843599999999860e+05
8.476350600000000559e+05
8.481142199999999721e+05
8.494190999999999767e+05
8.497451400000000140e+05
8.500841999999999534e+05
8.507882399999999907e+05
8.517245999999999767e+05
8.520945000000000000e+05
8.527741800000000512e+05
8.532382800000000279e+05
8.533432199999999721e+05
8.545683599999999860e+05
8.555636999999999534e+05
8.559636600000000326e+05
8.560424399999999441e+05
8.567409599999999627e+05
8.572449000000000233e+05
8.577586199999999953e+05
8.578299599999999627e+05
8.578843199999999488e+05
8.582111400000000140e+05
8.585017199999999721e+05
8.587428599999999860e+05
8.593957800000000279e+05
8.603238599999999860e+05
8.604964799999999814e+05
8.622139799999999814e+05
8.632445999999999767e+05
8.634712800000000279e+05
8.635819799999999814e+05
8.635989599999999627e+05
8.636606400000000140e+05
8.637040799999999581e+05
8.637280799999999581e+05
8.638098599999999860e+05
8.638434000000000233e+05
8.638606800000000512e+05
8.638879200000000419e+05
8.639067600000000093e+05
8.639275799999999581e+05
8.639398800000000047e+05
8.639598000000000466e+05
8.639875200000000186e+05
8.640001800000000512e+05
8.640380400000000373e+05
8.640550799999999581e+05
8.640748199999999488e+05
8.641023000000000466e+05
8.641166999999999534e+05
8.641404599999999627e+05
8.641541999999999534e+05
8.641629000000000233e+05
8.641865999999999767e+05
8.642620200000000186e+05
8.643044399999999441e+05
8.643225000000000000e+05
8.643480000000000000e+05
8.643667800000000279e+05
8.643846600000000326e+05
8.644140000000000000e+05
8.645040000000000000e+05
8.645221199999999953e+05
8.646108000000000466e+05
8.654398199999999488e+05
8.684320200000000186e+05
8.685727199999999721e+05
8.688195000000000000e+05
8.689642800000000279e+05
8.690181600000000326e+05
8.695599000000000233e+05
8.698560000000000000e+05
8.699186999999999534e+05
8.700680400000000373e+05
8.701483199999999488e+05
8.701960200000000186e+05
8.702397600000000093e+05
8.703662399999999907e+05
8.705455200000000186e+05
8.708310000000000000e+05
8.709968399999999674e+05
8.711680200000000186e+05
8.712860999999999767e+05
8.713430400000000373e+05
8.714020200000000186e+05
8.715397800000000279e+05
8.716697399999999907e+05
8.717458199999999488e+05
8.718228599999999860e+05
8.718533399999999674e+05
8.719923000000000466e+05
8.720299200000000419e+05
8.722139399999999441e+05
8.722903199999999488e+05
8.723319599999999627e+05
8.723704799999999814e+05
8.724039599999999627e+05
8.724394799999999814e+05
8.724573599999999860e+05
8.724718199999999488e+05
8.724924000000000233e+05
8.725095600000000559e+05
8.725483800000000047e+05
8.725592399999999907e+05
8.725770000000000000e+05
8.725980000000000000e+05
8.726216400000000140e+05
8.726570400000000373e+05
8.726883599999999860e+05
8.727028800000000047e+05
8.727130200000000186e+05
8.727442800000000279e+05
8.727679200000000419e+05
8.727797399999999907e+05
8.727881999999999534e+05
8.728650600000000559e+05
8.729186999999999534e+05
8.729454000000000233e+05
8.729682600000000093e+05
8.729785200000000186e+05
8.730096600000000326e+05
8.730178199999999488e+05
8.730414000000000233e+05
8.730855600000000559e+05
8.731477800000000279e+05
8.732089200000000419e+05
8.732178000000000466e+05
8.732512800000000279e+05
8.733791400000000140e+05
8.734133399999999674e+05
8.734326600000000326e+05
8.734781999999999534e+05
8.734933800000000047e+05
8.735165400000000373e+05
8.735406600000000326e+05
8.736210600000000559e+05
8.736601199999999953e+05
8.736716400000000140e+05
8.737147800000000279e+05
8.737722600000000093e+05
8.737807800000000279e+05
8.738580600000000559e+05
8.738752800000000279e+05
8.739273599999999860e+05
8.739431999999999534e+05
8.740138800000000047e+05
8.740363199999999488e+05
8.740591199999999953e+05
8.740737600000000093e+05
8.741578800000000047e+05
8.741823000000000466e+05
8.742600600000000559e+05
8.743632600000000093e+05
8.743792800000000279e+05
8.744015400000000373e+05
8.744989799999999814e+05
8.745148199999999488e+05
8.745802800000000279e+05
8.746271999999999534e+05
8.747080799999999581e+05
8.748433800000000047e+05
8.806581600000000326e+05
8.821267199999999721e+05
8.832904200000000419e+05
8.835282600000000093e+05
8.846199599999999627e+05
8.850955200000000186e+05
8.851507199999999721e+05
8.863588199999999488e+05
8.864729399999999441e+05
8.873529599999999627e+05
8.876351400000000140e+05
8.894119200000000419e+05
8.897930400000000373e+05
8.901015000000000000e+05
8.902845600000000559e+05
8.903909399999999441e+05
8.905778399999999674e+05
8.908409399999999441e+05
8.913802199999999721e+05
8.914090799999999581e+05
8.920543800000000047e+05
8.922628800000000047e+05
8.923237199999999721e+05
8.930966999999999534e+05
8.939645400000000373e+05
8.944410000000000000e+05
8.945051400000000140e+05
8.949013199999999488e+05
8.955676800000000512e+05
8.960307600000000093e+05
8.970649200000000419e+05
8.973699599999999627e+05
8.988482399999999907e+05
8.994905400000000373e+05
9.006499799999999814e+05
9.010417199999999721e+05
9.016402800000000279e+05
9.023904599999999627e+05
9.029500799999999581e+05
9.037259399999999441e+05
9.052915200000000186e+05
9.077825400000000373e+05
9.204142199999999721e+05
9.238959000000000233e+05
9.302533800000000047e+05
9.314885400000000373e+05
9.380250600000000559e+05
9.408802800000000279e+05
