3.030999999999999872e+01
3.032649999999999935e+01
3.033099999999999952e+01
3.034100000000000108e+01
3.035050000000000026e+01
3.035500000000000043e+01
3.036349999999999838e+01
3.036700000000000088e+01
3.037249999999999872e+01
3.037750000000000128e+01
3.038800000000000168e+01
3.040249999999999986e+01
3.042449999999999832e+01
3.043100000000000094e+01
3.043499999999999872e+01
3.045299999999999940e+01
3.045749999999999957e+01
3.046199999999999974e+01
3.047149999999999892e+01
3.047599999999999909e+01
3.048049999999999926e+01
3.048499999999999943e+01
3.049149999999999849e+01
3.050199999999999889e+01
3.053300000000000125e+01
3.053699999999999903e+01
3.055450000000000088e+01
3.056250000000000000e+01
3.057849999999999824e+01
3.058500000000000085e+01
3.059149999999999991e+01
3.060950000000000060e+01
3.061949999999999861e+01
3.062399999999999878e+01
3.063050000000000139e+01
3.064999999999999858e+01
3.066049999999999898e+01
3.066900000000000048e+01
3.067650000000000077e+01
3.068599999999999994e+01
3.068949999999999889e+01
3.069450000000000145e+01
3.070050000000000168e+01
3.070400000000000063e+01
3.071300000000000097e+01
3.071900000000000119e+01
3.072800000000000153e+01
3.073300000000000054e+01
3.073649999999999949e+01
3.074849999999999994e+01
3.075349999999999895e+01
3.076849999999999952e+01
3.077299999999999969e+01
3.077749999999999986e+01
3.078300000000000125e+01
3.078600000000000136e+01
3.079100000000000037e+01
3.079400000000000048e+01
3.080349999999999966e+01
3.080799999999999983e+01
3.081250000000000000e+01
3.082550000000000168e+01
3.082999999999999829e+01
3.083500000000000085e+01
3.084199999999999875e+01
3.084649999999999892e+01
3.085099999999999909e+01
3.085650000000000048e+01
3.086550000000000082e+01
3.087000000000000099e+01
3.087699999999999889e+01
3.087950000000000017e+01
3.088700000000000045e+01
3.089000000000000057e+01
3.089450000000000074e+01
3.090299999999999869e+01
3.091000000000000014e+01
3.091700000000000159e+01
3.092999999999999972e+01
3.093599999999999994e+01
3.094050000000000011e+01
3.094800000000000040e+01
3.096849999999999881e+01
3.100049999999999883e+01
3.100600000000000023e+01
3.101249999999999929e+01
3.103300000000000125e+01
3.103800000000000026e+01
3.105199999999999960e+01
3.107499999999999929e+01
3.110549999999999926e+01
3.112000000000000099e+01
3.112549999999999883e+01
3.113299999999999912e+01
3.113700000000000045e+01
3.115500000000000114e+01
3.115950000000000131e+01
3.116450000000000031e+01
3.117650000000000077e+01
3.118349999999999866e+01
3.120400000000000063e+01
3.122449999999999903e+01
3.127049999999999841e+01
3.127499999999999858e+01
3.128300000000000125e+01
3.128600000000000136e+01
3.129149999999999920e+01
3.131950000000000145e+01
3.132499999999999929e+01
3.133350000000000080e+01
3.134400000000000119e+01
3.135950000000000060e+01
3.139249999999999829e+01
3.140249999999999986e+01
3.141400000000000148e+01
3.143449999999999989e+01
3.145400000000000063e+01
3.146600000000000108e+01
3.146999999999999886e+01
3.150649999999999906e+01
3.151500000000000057e+01
3.152499999999999858e+01
3.154449999999999932e+01
3.184100000000000108e+01
3.598799999999999955e+01
3.599249999999999972e+01
3.601100000000000279e+01
3.603349999999999653e+01
3.603600000000000136e+01
3.605149999999999721e+01
3.648149999999999693e+01
3.649000000000000199e+01
3.649399999999999977e+01
3.650000000000000000e+01
3.650750000000000028e+01
3.880949999999999989e+01
3.887449999999999761e+01
3.910349999999999682e+01
3.910799999999999699e+01
3.911050000000000182e+01
3.958550000000000324e+01
3.959250000000000114e+01
4.070349999999999824e+01
4.070649999999999835e+01
4.070900000000000318e+01
4.169950000000000045e+01
4.170199999999999818e+01
4.278699999999999903e+01
4.279050000000000153e+01
4.292300000000000182e+01
4.295550000000000068e+01
4.296000000000000085e+01
4.300050000000000239e+01
4.300500000000000256e+01
4.300849999999999795e+01
4.301299999999999812e+01
4.301749999999999829e+01
4.302049999999999841e+01
4.303600000000000136e+01
4.304599999999999937e+01
4.305049999999999955e+01
4.305550000000000210e+01
4.306000000000000227e+01
4.306450000000000244e+01
4.306949999999999790e+01
4.309499999999999886e+01
4.309899999999999665e+01
4.312100000000000222e+01
4.313300000000000267e+01
4.313850000000000051e+01
4.314500000000000313e+01
4.315200000000000102e+01
4.315749999999999886e+01
4.316199999999999903e+01
4.316649999999999920e+01
4.316899999999999693e+01
4.317849999999999966e+01
4.318200000000000216e+01
4.319650000000000034e+01
4.322299999999999898e+01
4.323850000000000193e+01
4.324450000000000216e+01
4.324900000000000233e+01
4.325600000000000023e+01
4.325849999999999795e+01
4.327649999999999864e+01
4.329650000000000176e+01
4.329950000000000188e+01
4.330550000000000210e+01
4.330799999999999983e+01
4.331400000000000006e+01
4.332000000000000028e+01
4.332450000000000045e+01
4.332950000000000301e+01
4.333350000000000080e+01
4.333599999999999852e+01
4.334499999999999886e+01
4.334949999999999903e+01
4.335750000000000171e+01
4.336299999999999955e+01
4.336749999999999972e+01
4.337500000000000000e+01
4.338250000000000028e+01
4.339050000000000296e+01
4.339399999999999835e+01
4.340400000000000347e+01
4.340749999999999886e+01
4.341649999999999920e+01
4.342249999999999943e+01
4.342949999999999733e+01
4.344599999999999795e+01
4.346450000000000102e+01
4.347399999999999665e+01
4.347849999999999682e+01
4.348349999999999937e+01
4.348799999999999955e+01
4.349849999999999994e+01
4.350999999999999801e+01
4.352450000000000330e+01
4.354249999999999687e+01
4.359150000000000347e+01
4.360900000000000176e+01
4.361699999999999733e+01
4.362650000000000006e+01
4.364000000000000057e+01
4.365699999999999648e+01
4.366100000000000136e+01
4.368099999999999739e+01
4.368950000000000244e+01
4.370250000000000057e+01
4.375050000000000239e+01
4.376650000000000063e+01
4.379800000000000182e+01
4.382500000000000284e+01
4.394400000000000261e+01
4.395400000000000063e+01
4.430299999999999727e+01
4.698799999999999955e+01
4.700750000000000028e+01
4.750699999999999790e+01
4.917849999999999966e+01
4.983850000000000335e+01
5.000999999999999801e+01
5.036299999999999955e+01
5.081000000000000227e+01
5.142399999999999949e+01
5.214750000000000085e+01
5.225249999999999773e+01
5.225800000000000267e+01
5.276550000000000296e+01
5.289300000000000068e+01
5.297200000000000131e+01
5.297650000000000148e+01
5.299349999999999739e+01
5.301500000000000057e+01
5.303600000000000136e+01
5.304599999999999937e+01
5.305449999999999733e+01
5.305899999999999750e+01
5.306199999999999761e+01
5.307750000000000057e+01
5.308200000000000074e+01
5.308650000000000091e+01
5.309000000000000341e+01
5.309449999999999648e+01
5.309949999999999903e+01
5.310399999999999920e+01
5.311500000000000199e+01
5.312500000000000000e+01
5.316049999999999898e+01
5.316499999999999915e+01
5.316949999999999932e+01
5.317799999999999727e+01
5.318800000000000239e+01
5.319350000000000023e+01
5.320000000000000284e+01
5.321699999999999875e+01
5.322500000000000142e+01
5.323250000000000171e+01
5.324049999999999727e+01
5.324499999999999744e+01
5.325000000000000000e+01
5.325849999999999795e+01
5.326400000000000290e+01
5.327049999999999841e+01
5.329050000000000153e+01
5.330649999999999977e+01
5.331199999999999761e+01
5.333650000000000091e+01
5.334150000000000347e+01
5.335699999999999932e+01
5.336149999999999949e+01
5.336399999999999721e+01
5.337199999999999989e+01
5.337899999999999778e+01
5.338649999999999807e+01
5.338900000000000290e+01
5.339500000000000313e+01
5.340550000000000352e+01
5.341299999999999670e+01
5.342600000000000193e+01
5.343050000000000210e+01
5.343750000000000000e+01
5.344800000000000040e+01
5.345250000000000057e+01
5.345700000000000074e+01
5.345949999999999847e+01
5.346750000000000114e+01
5.347200000000000131e+01
5.347449999999999903e+01
5.348550000000000182e+01
5.349949999999999761e+01
5.351100000000000279e+01
5.351899999999999835e+01
5.352400000000000091e+01
5.352900000000000347e+01
5.353799999999999670e+01
5.354999999999999716e+01
5.355799999999999983e+01
5.356450000000000244e+01
5.359949999999999903e+01
5.360949999999999704e+01
5.361549999999999727e+01
5.362299999999999756e+01
5.362550000000000239e+01
5.363900000000000290e+01
5.364999999999999858e+01
5.367900000000000205e+01
5.370649999999999835e+01
5.371699999999999875e+01
5.372099999999999653e+01
5.372699999999999676e+01
5.373400000000000176e+01
5.374949999999999761e+01
5.376350000000000051e+01
5.377799999999999869e+01
5.386399999999999721e+01
5.389300000000000068e+01
5.392600000000000193e+01
5.396249999999999858e+01
5.487599999999999767e+01
5.490100000000000335e+01
5.490550000000000352e+01
5.495450000000000301e+01
5.496000000000000085e+01
5.498049999999999926e+01
5.498349999999999937e+01
5.516499999999999915e+01
5.706550000000000011e+01
5.707000000000000028e+01
5.708400000000000318e+01
5.709150000000000347e+01
5.709400000000000119e+01
5.709799999999999898e+01
5.710750000000000171e+01
5.710999999999999943e+01
5.712299999999999756e+01
5.714650000000000318e+01
5.715100000000000335e+01
5.716049999999999898e+01
5.716299999999999670e+01
5.716949999999999932e+01
5.717750000000000199e+01
5.719100000000000250e+01
5.720150000000000290e+01
5.720550000000000068e+01
5.721000000000000085e+01
5.721450000000000102e+01
5.722549999999999670e+01
5.723400000000000176e+01
5.723850000000000193e+01
5.724099999999999966e+01
5.724900000000000233e+01
5.725350000000000250e+01
5.725800000000000267e+01
5.726650000000000063e+01
5.727049999999999841e+01
5.730649999999999977e+01
5.731450000000000244e+01
5.732300000000000040e+01
5.733599999999999852e+01
5.734850000000000136e+01
5.735300000000000153e+01
5.735750000000000171e+01
5.739450000000000074e+01
5.743950000000000244e+01
5.745900000000000318e+01
5.749099999999999966e+01
5.751599999999999824e+01
5.754149999999999920e+01
5.754950000000000188e+01
5.756649999999999778e+01
5.758050000000000068e+01
5.759599999999999653e+01
5.760249999999999915e+01
5.761999999999999744e+01
5.763349999999999795e+01
5.766599999999999682e+01
5.768149999999999977e+01
5.768750000000000000e+01
5.772050000000000125e+01
5.776250000000000284e+01
5.781550000000000011e+01
5.785600000000000165e+01
5.788799999999999812e+01
5.789500000000000313e+01
5.790699999999999648e+01
5.793249999999999744e+01
5.796849999999999881e+01
5.800549999999999784e+01
5.801500000000000057e+01
6.016149999999999665e+01
6.016599999999999682e+01
6.017000000000000171e+01
6.017750000000000199e+01
6.018200000000000216e+01
6.019100000000000250e+01
6.019950000000000045e+01
6.020550000000000068e+01
6.021600000000000108e+01
6.022350000000000136e+01
6.024750000000000227e+01
6.025350000000000250e+01
6.027450000000000330e+01
6.029849999999999710e+01
6.036950000000000216e+01
6.214999999999999858e+01
6.215250000000000341e+01
6.264600000000000080e+01
6.265050000000000097e+01
6.265350000000000108e+01
6.592050000000000409e+01
6.767900000000000205e+01
6.774349999999999739e+01
6.793399999999999750e+01
6.797350000000000136e+01
6.797799999999999443e+01
6.801800000000000068e+01
6.802249999999999375e+01
6.804449999999999932e+01
6.817350000000000421e+01
6.819050000000000011e+01
6.819400000000000261e+01
6.830500000000000682e+01
6.832099999999999795e+01
6.833799999999999386e+01
6.835099999999999909e+01
6.835649999999999693e+01
6.836350000000000193e+01
6.838400000000000034e+01
6.840399999999999636e+01
6.840850000000000364e+01
6.841750000000000398e+01
6.842600000000000193e+01
6.846099999999999852e+01
6.848550000000000182e+01
6.851049999999999329e+01
6.851600000000000534e+01
6.852599999999999625e+01
6.854900000000000659e+01
6.856050000000000466e+01
6.856699999999999307e+01
6.858950000000000102e+01
6.859449999999999648e+01
6.860550000000000637e+01
6.860899999999999466e+01
6.861350000000000193e+01
6.862099999999999511e+01
6.862600000000000477e+01
6.863549999999999329e+01
6.864300000000000068e+01
6.864549999999999841e+01
6.865149999999999864e+01
6.865699999999999648e+01
6.866200000000000614e+01
6.866549999999999443e+01
6.867549999999999955e+01
6.867900000000000205e+01
6.868999999999999773e+01
6.869599999999999795e+01
6.870550000000000068e+01
6.871500000000000341e+01
6.873199999999999932e+01
6.873699999999999477e+01
6.874699999999999989e+01
6.879349999999999454e+01
6.880049999999999955e+01
6.880750000000000455e+01
6.881199999999999761e+01
6.882150000000000034e+01
6.886599999999999966e+01
6.888450000000000273e+01
6.888949999999999818e+01
6.890999999999999659e+01
6.892199999999999704e+01
6.893699999999999761e+01
6.896200000000000330e+01
6.896999999999999886e+01
6.897499999999999432e+01
6.898099999999999454e+01
6.899399999999999977e+01
6.901300000000000523e+01
6.901850000000000307e+01
6.903749999999999432e+01
6.907850000000000534e+01
6.909300000000000352e+01
6.911150000000000659e+01
6.915500000000000114e+01
6.916450000000000387e+01
6.917300000000000182e+01
6.918099999999999739e+01
6.919549999999999557e+01
6.922950000000000159e+01
6.923350000000000648e+01
6.924450000000000216e+01
6.927899999999999636e+01
6.932800000000000296e+01
6.933650000000000091e+01
6.935349999999999682e+01
6.937000000000000455e+01
6.938450000000000273e+01
6.940149999999999864e+01
6.943049999999999500e+01
6.945399999999999352e+01
6.948350000000000648e+01
6.949250000000000682e+01
6.950050000000000239e+01
6.953449999999999420e+01
6.957250000000000512e+01
6.958899999999999864e+01
6.970950000000000557e+01
6.981550000000000011e+01
6.981999999999999318e+01
6.982250000000000512e+01
6.983450000000000557e+01
6.983899999999999864e+01
6.984350000000000591e+01
6.984850000000000136e+01
6.986249999999999716e+01
6.987649999999999295e+01
6.989400000000000546e+01
6.994899999999999807e+01
6.996699999999999875e+01
6.997299999999999898e+01
6.998000000000000398e+01
6.998449999999999704e+01
6.998950000000000671e+01
6.999750000000000227e+01
7.001200000000000045e+01
7.003700000000000614e+01
7.013049999999999784e+01
7.019499999999999318e+01
7.020499999999999829e+01
7.020950000000000557e+01
7.021399999999999864e+01
7.021850000000000591e+01
7.023199999999999932e+01
7.023650000000000659e+01
7.024150000000000205e+01
7.024599999999999511e+01
7.025050000000000239e+01
7.025350000000000250e+01
7.025700000000000500e+01
7.026300000000000523e+01
7.026749999999999829e+01
7.027500000000000568e+01
7.028499999999999659e+01
7.028849999999999909e+01
7.029300000000000637e+01
7.029749999999999943e+01
7.030100000000000193e+01
7.030649999999999977e+01
7.032349999999999568e+01
7.033150000000000546e+01
7.033599999999999852e+01
7.034099999999999397e+01
7.034850000000000136e+01
7.035099999999999909e+01
7.035750000000000171e+01
7.036199999999999477e+01
7.036650000000000205e+01
7.036899999999999977e+01
7.039650000000000318e+01
7.041100000000000136e+01
7.041549999999999443e+01
7.042549999999999955e+01
7.042799999999999727e+01
7.044100000000000250e+01
7.044549999999999557e+01
7.045050000000000523e+01
7.045799999999999841e+01
7.046299999999999386e+01
7.046750000000000114e+01
7.047199999999999420e+01
7.047650000000000148e+01
7.048550000000000182e+01
7.048799999999999955e+01
7.049649999999999750e+01
7.050100000000000477e+01
7.050600000000000023e+01
7.050900000000000034e+01
7.051349999999999341e+01
7.051649999999999352e+01
7.053499999999999659e+01
7.053849999999999909e+01
7.054850000000000421e+01
7.055700000000000216e+01
7.057250000000000512e+01
7.060949999999999704e+01
7.062550000000000239e+01
7.064600000000000080e+01
7.068099999999999739e+01
7.070099999999999341e+01
7.072499999999999432e+01
7.073499999999999943e+01
7.077549999999999386e+01
7.080750000000000455e+01
7.082850000000000534e+01
7.083549999999999613e+01
7.086050000000000182e+01
7.092400000000000659e+01
7.092849999999999966e+01
7.094050000000000011e+01
7.121349999999999625e+01
7.131799999999999784e+01
7.230150000000000432e+01
7.512149999999999750e+01
7.568149999999999977e+01
7.579300000000000637e+01
7.584399999999999409e+01
7.595600000000000307e+01
7.598950000000000671e+01
7.600950000000000273e+01
7.601200000000000045e+01
7.601449999999999818e+01
7.602150000000000318e+01
7.602700000000000102e+01
7.603549999999999898e+01
7.607899999999999352e+01
7.627500000000000568e+01
7.627949999999999875e+01
7.629399999999999693e+01
7.629850000000000421e+01
7.631799999999999784e+01
7.632699999999999818e+01
7.633950000000000102e+01
7.634250000000000114e+01
7.635800000000000409e+01
7.638299999999999557e+01
7.638899999999999579e+01
7.649500000000000455e+01
7.649949999999999761e+01
7.653900000000000148e+01
7.654349999999999454e+01
7.654600000000000648e+01
7.655549999999999500e+01
7.655899999999999750e+01
7.656350000000000477e+01
7.657150000000000034e+01
7.659250000000000114e+01
7.660099999999999909e+01
7.666700000000000159e+01
7.667199999999999704e+01
7.667549999999999955e+01
7.668449999999999989e+01
7.669249999999999545e+01
7.672400000000000375e+01
7.673699999999999477e+01
7.679850000000000421e+01
7.682250000000000512e+01
7.683299999999999841e+01
7.684149999999999636e+01
7.686750000000000682e+01
7.689499999999999602e+01
7.691100000000000136e+01
7.696099999999999852e+01
7.696800000000000352e+01
7.697599999999999909e+01
7.697950000000000159e+01
7.698350000000000648e+01
7.699399999999999977e+01
7.700549999999999784e+01
7.701449999999999818e+01
7.702049999999999841e+01
7.702349999999999852e+01
7.706199999999999761e+01
7.707550000000000523e+01
7.707850000000000534e+01
7.708650000000000091e+01
7.710250000000000625e+01
7.711199999999999477e+01
7.712050000000000693e+01
7.713200000000000500e+01
7.715500000000000114e+01
7.716400000000000148e+01
7.717400000000000659e+01
7.718999999999999773e+01
7.719450000000000500e+01
7.719899999999999807e+01
7.721750000000000114e+01
7.723600000000000421e+01
7.725749999999999318e+01
7.726250000000000284e+01
7.726699999999999591e+01
7.727450000000000330e+01
7.731149999999999523e+01
7.732099999999999795e+01
7.733199999999999363e+01
7.734250000000000114e+01
7.734799999999999898e+01
7.735850000000000648e+01
7.736799999999999500e+01
7.737600000000000477e+01
7.738049999999999784e+01
7.738500000000000512e+01
7.739249999999999829e+01
7.740099999999999625e+01
7.741100000000000136e+01
7.741800000000000637e+01
7.742449999999999477e+01
7.745000000000000284e+01
7.745399999999999352e+01
7.746450000000000102e+01
7.747400000000000375e+01
7.748550000000000182e+01
7.749099999999999966e+01
7.750799999999999557e+01
7.751550000000000296e+01
7.751900000000000546e+01
7.753249999999999886e+01
7.753700000000000614e+01
7.755299999999999727e+01
7.756399999999999295e+01
7.757399999999999807e+01
7.757750000000000057e+01
7.759799999999999898e+01
7.760450000000000159e+01
7.761599999999999966e+01
7.762649999999999295e+01
7.764300000000000068e+01
7.765200000000000102e+01
7.765649999999999409e+01
7.767100000000000648e+01
7.768600000000000705e+01
7.770000000000000284e+01
7.770350000000000534e+01
7.772350000000000136e+01
7.772849999999999682e+01
7.774550000000000693e+01
7.776149999999999807e+01
7.776850000000000307e+01
7.778749999999999432e+01
7.781100000000000705e+01
7.781999999999999318e+01
7.782649999999999579e+01
7.783549999999999613e+01
7.783849999999999625e+01
7.787800000000000011e+01
7.789050000000000296e+01
7.790699999999999648e+01
7.791049999999999898e+01
7.792700000000000671e+01
7.793699999999999761e+01
7.794650000000000034e+01
7.795699999999999363e+01
7.797400000000000375e+01
7.986849999999999739e+01
8.027549999999999386e+01
8.036199999999999477e+01
8.455049999999999955e+01
8.455299999999999727e+01
8.481499999999999773e+01
8.483100000000000307e+01
8.523050000000000637e+01
8.523550000000000182e+01
8.531900000000000261e+01
8.537300000000000466e+01
8.539300000000000068e+01
8.539549999999999841e+01
8.544249999999999545e+01
8.567849999999999966e+01
8.568500000000000227e+01
8.569400000000000261e+01
8.570000000000000284e+01
8.639650000000000318e+01
8.642600000000000193e+01
8.644899999999999807e+01
8.661199999999999477e+01
8.666549999999999443e+01
8.666899999999999693e+01
8.670000000000000284e+01
8.670600000000000307e+01
8.670900000000000318e+01
8.672050000000000125e+01
8.672299999999999898e+01
8.673300000000000409e+01
8.702500000000000568e+01
8.704049999999999443e+01
8.704500000000000171e+01
8.761150000000000659e+01
8.761400000000000432e+01
8.763599999999999568e+01
8.765349999999999397e+01
8.765800000000000125e+01
8.767650000000000432e+01
8.768099999999999739e+01
8.768349999999999511e+01
8.770099999999999341e+01
8.770550000000000068e+01
8.771649999999999636e+01
8.772100000000000364e+01
8.772549999999999670e+01
8.773399999999999466e+01
8.775350000000000250e+01
8.776000000000000512e+01
8.777549999999999386e+01
8.778199999999999648e+01
8.778650000000000375e+01
8.779250000000000398e+01
8.779949999999999477e+01
8.780549999999999500e+01
8.781199999999999761e+01
8.782399999999999807e+01
8.783849999999999625e+01
8.784350000000000591e+01
8.784799999999999898e+01
8.785150000000000148e+01
8.785500000000000398e+01
8.785999999999999943e+01
8.787099999999999511e+01
8.787600000000000477e+01
8.787999999999999545e+01
8.788549999999999329e+01
8.789700000000000557e+01
8.789950000000000330e+01
8.790649999999999409e+01
8.790900000000000603e+01
8.792050000000000409e+01
8.792400000000000659e+01
8.792849999999999966e+01
8.793999999999999773e+01
8.794599999999999795e+01
8.795350000000000534e+01
8.796599999999999397e+01
8.796899999999999409e+01
8.797350000000000136e+01
8.798550000000000182e+01
8.798950000000000671e+01
8.799649999999999750e+01
8.800600000000000023e+01
8.800950000000000273e+01
8.802049999999999841e+01
8.802500000000000568e+01
8.803199999999999648e+01
8.803849999999999909e+01
8.804349999999999454e+01
8.805100000000000193e+01
8.805549999999999500e+01
8.806650000000000489e+01
8.807099999999999795e+01
8.807599999999999341e+01
8.809499999999999886e+01
8.810450000000000159e+01
8.810850000000000648e+01
8.812350000000000705e+01
8.814300000000000068e+01
8.815749999999999886e+01
8.816200000000000614e+01
8.816649999999999920e+01
8.817249999999999943e+01
8.818899999999999295e+01
8.819499999999999318e+01
8.820350000000000534e+01
8.820799999999999841e+01
8.821750000000000114e+01
8.822199999999999420e+01
8.824299999999999500e+01
8.825149999999999295e+01
8.825549999999999784e+01
8.826300000000000523e+01
8.826649999999999352e+01
8.827100000000000080e+01
8.827349999999999852e+01
8.827949999999999875e+01
8.828199999999999648e+01
8.828499999999999659e+01
8.828900000000000148e+01
8.829900000000000659e+01
8.830249999999999488e+01
8.830500000000000682e+01
8.831300000000000239e+01
8.831799999999999784e+01
8.832550000000000523e+01
8.834050000000000580e+01
8.836950000000000216e+01
8.839449999999999363e+01
8.839900000000000091e+01
8.840349999999999397e+01
8.840600000000000591e+01
8.841150000000000375e+01
8.841949999999999932e+01
8.844899999999999807e+01
8.845850000000000080e+01
8.846750000000000114e+01
8.847599999999999909e+01
8.849299999999999500e+01
8.849649999999999750e+01
8.850100000000000477e+01
8.851850000000000307e+01
8.852400000000000091e+01
8.853000000000000114e+01
8.856000000000000227e+01
8.857500000000000284e+01
8.858599999999999852e+01
8.859050000000000580e+01
8.860049999999999670e+01
8.862050000000000693e+01
8.863700000000000045e+01
8.864650000000000318e+01
8.865600000000000591e+01
8.868300000000000693e+01
8.869150000000000489e+01
8.871699999999999875e+01
8.872849999999999682e+01
8.875600000000000023e+01
8.880349999999999966e+01
8.883249999999999602e+01
8.884250000000000114e+01
8.886899999999999977e+01
8.889600000000000080e+01
8.932949999999999591e+01
8.939650000000000318e+01
8.955249999999999488e+01
8.957800000000000296e+01
8.959600000000000364e+01
8.969450000000000500e+01
8.975300000000000011e+01
8.977649999999999864e+01
8.978100000000000591e+01
8.978350000000000364e+01
8.978700000000000614e+01
8.980299999999999727e+01
8.982450000000000045e+01
8.984799999999999898e+01
8.986199999999999477e+01
8.986650000000000205e+01
8.987199999999999989e+01
8.989700000000000557e+01
8.990699999999999648e+01
8.991049999999999898e+01
8.992149999999999466e+01
8.994150000000000489e+01
8.994950000000000045e+01
8.995799999999999841e+01
8.997299999999999898e+01
8.999200000000000443e+01
9.000449999999999307e+01
9.001800000000000068e+01
9.006050000000000466e+01
9.006999999999999318e+01
9.007550000000000523e+01
9.010150000000000148e+01
9.011599999999999966e+01
9.012900000000000489e+01
9.013500000000000512e+01
9.014749999999999375e+01
9.016200000000000614e+01
9.016949999999999932e+01
9.019350000000000023e+01
9.021699999999999875e+01
9.022050000000000125e+01
9.023449999999999704e+01
9.025549999999999784e+01
9.029399999999999693e+01
9.029649999999999466e+01
9.031250000000000000e+01
9.239650000000000318e+01
9.240300000000000580e+01
9.240699999999999648e+01
9.242549999999999955e+01
9.243099999999999739e+01
9.618899999999999295e+01
9.666249999999999432e+01
9.670449999999999591e+01
9.673099999999999454e+01
9.675149999999999295e+01
9.675499999999999545e+01
9.843149999999999977e+01
9.843600000000000705e+01
9.844150000000000489e+01
9.844899999999999807e+01
9.845250000000000057e+01
9.847650000000000148e+01
9.850650000000000261e+01
9.851649999999999352e+01
9.852349999999999852e+01
9.853000000000000114e+01
9.855849999999999511e+01
9.857349999999999568e+01
9.858249999999999602e+01
9.859499999999999886e+01
9.863800000000000523e+01
9.864650000000000318e+01
9.865449999999999875e+01
9.868349999999999511e+01
9.869450000000000500e+01
9.870149999999999579e+01
9.871349999999999625e+01
9.872750000000000625e+01
9.873600000000000421e+01
9.875799999999999557e+01
9.876699999999999591e+01
9.877899999999999636e+01
9.880150000000000432e+01
9.880649999999999977e+01
9.881650000000000489e+01
9.882899999999999352e+01
9.884399999999999409e+01
9.886599999999999966e+01
9.886899999999999977e+01
9.887350000000000705e+01
9.887900000000000489e+01
9.890399999999999636e+01
9.890850000000000364e+01
9.891450000000000387e+01
9.892400000000000659e+01
9.892900000000000205e+01
9.893449999999999989e+01
9.895099999999999341e+01
9.895850000000000080e+01
9.896299999999999386e+01
9.897050000000000125e+01
9.898350000000000648e+01
9.899150000000000205e+01
9.900050000000000239e+01
9.900549999999999784e+01
9.901049999999999329e+01
9.901550000000000296e+01
9.901999999999999602e+01
9.902450000000000330e+01
9.902700000000000102e+01
9.903050000000000352e+01
9.903799999999999670e+01
9.904949999999999477e+01
9.905249999999999488e+01
9.905949999999999989e+01
9.906399999999999295e+01
9.906850000000000023e+01
9.907299999999999329e+01
9.908400000000000318e+01
9.909300000000000352e+01
9.909550000000000125e+01
9.910049999999999670e+01
9.911499999999999488e+01
9.912500000000000000e+01
9.914499999999999602e+01
9.915149999999999864e+01
9.915649999999999409e+01
9.916299999999999670e+01
9.917400000000000659e+01
9.917650000000000432e+01
9.918149999999999977e+01
9.919650000000000034e+01
9.920550000000000068e+01
9.921049999999999613e+01
9.921699999999999875e+01
9.922350000000000136e+01
9.923099999999999454e+01
9.923550000000000182e+01
9.924099999999999966e+01
9.924399999999999977e+01
9.925749999999999318e+01
9.926200000000000045e+01
9.927349999999999852e+01
9.928400000000000603e+01
9.929600000000000648e+01
9.929999999999999716e+01
9.931199999999999761e+01
9.931950000000000500e+01
9.933249999999999602e+01
9.934999999999999432e+01
9.935550000000000637e+01
9.935949999999999704e+01
9.937850000000000250e+01
9.938500000000000512e+01
9.939199999999999591e+01
9.940600000000000591e+01
9.941249999999999432e+01
9.942549999999999955e+01
9.947350000000000136e+01
9.948250000000000171e+01
9.949500000000000455e+01
9.950050000000000239e+01
9.950499999999999545e+01
9.950950000000000273e+01
9.954449999999999932e+01
9.955599999999999739e+01
9.956250000000000000e+01
9.957250000000000512e+01
9.960850000000000648e+01
9.962250000000000227e+01
9.962999999999999545e+01
9.963599999999999568e+01
9.969700000000000273e+01
9.971699999999999875e+01
9.974550000000000693e+01
9.975549999999999784e+01
9.976550000000000296e+01
9.977299999999999613e+01
9.978650000000000375e+01
9.979349999999999454e+01
9.980200000000000671e+01
9.981699999999999307e+01
9.985150000000000148e+01
9.986450000000000671e+01
9.994700000000000273e+01
9.995449999999999591e+01
9.996599999999999397e+01
9.998600000000000421e+01
1.000340000000000060e+02
1.000679999999999978e+02
1.000909999999999940e+02
1.012159999999999940e+02
1.012909999999999968e+02
1.013340000000000032e+02
1.013509999999999991e+02
1.013960000000000008e+02
1.014170000000000016e+02
1.014249999999999972e+02
1.014320000000000022e+02
1.014969999999999999e+02
1.015160000000000053e+02
1.038010000000000019e+02
1.038199999999999932e+02
1.044080000000000013e+02
1.044309999999999974e+02
1.044360000000000070e+02
1.044449999999999932e+02
1.044519999999999982e+02
1.044659999999999940e+02
1.044890000000000043e+02
1.055889999999999986e+02
1.069449999999999932e+02
1.070490000000000066e+02
1.070750000000000028e+02
1.070780000000000030e+02
1.072480000000000047e+02
1.090190000000000055e+02
1.091569999999999965e+02
1.093029999999999973e+02
1.093149999999999977e+02
1.093199999999999932e+02
1.102330000000000041e+02
1.103029999999999973e+02
1.105019999999999953e+02
1.109819999999999993e+02
1.115120000000000005e+02
1.130379999999999967e+02
1.130550000000000068e+02
1.130570000000000022e+02
1.136760000000000019e+02
1.136790000000000020e+02
1.136839999999999975e+02
1.137159999999999940e+02
1.137319999999999993e+02
1.137660000000000053e+02
1.137780000000000058e+02
1.137810000000000059e+02
1.138130000000000024e+02
1.154509999999999934e+02
1.160370000000000061e+02
1.160859999999999985e+02
1.162189999999999941e+02
1.162369999999999948e+02
1.162409999999999997e+02
1.162720000000000056e+02
1.163100000000000023e+02
1.163139999999999930e+02
1.163209999999999980e+02
1.163250000000000028e+02
1.163289999999999935e+02
1.163490000000000038e+02
1.163529999999999944e+02
1.163589999999999947e+02
1.163629999999999995e+02
1.163679999999999950e+02
1.163739999999999952e+02
1.163790000000000049e+02
1.163829999999999956e+02
1.163880000000000052e+02
1.163949999999999960e+02
1.163979999999999961e+02
1.164020000000000010e+02
1.164270000000000067e+02
1.164380000000000024e+02
1.164429999999999978e+02
1.164569999999999936e+02
1.164609999999999985e+02
1.164729999999999990e+02
1.164809999999999945e+02
1.164909999999999997e+02
1.165010000000000048e+02
1.165040000000000049e+02
1.165079999999999956e+02
1.165180000000000007e+02
1.165360000000000014e+02
1.165430000000000064e+02
1.165649999999999977e+02
1.165819999999999936e+02
1.165949999999999989e+02
1.165999999999999943e+02
1.166179999999999950e+02
1.166230000000000047e+02
1.166320000000000050e+02
1.166400000000000006e+02
1.166509999999999962e+02
1.166740000000000066e+02
1.166820000000000022e+02
1.166929999999999978e+02
1.167060000000000031e+02
1.167279999999999944e+02
1.167330000000000041e+02
1.167409999999999997e+02
1.167450000000000045e+02
1.167500000000000000e+02
1.167530000000000001e+02
1.167840000000000060e+02
1.167920000000000016e+02
1.167990000000000066e+02
1.168050000000000068e+02
1.168110000000000070e+02
1.168149999999999977e+02
1.168310000000000031e+02
1.168349999999999937e+02
1.168419999999999987e+02
1.168460000000000036e+02
1.168509999999999991e+02
1.168599999999999994e+02
1.168679999999999950e+02
1.168730000000000047e+02
1.168769999999999953e+02
1.168799999999999955e+02
1.168850000000000051e+02
1.168889999999999958e+02
1.168940000000000055e+02
1.168979999999999961e+02
1.169069999999999965e+02
1.169189999999999969e+02
1.169230000000000018e+02
1.169560000000000031e+02
1.169599999999999937e+02
1.169650000000000034e+02
1.169749999999999943e+02
1.169789999999999992e+02
1.169899999999999949e+02
1.170160000000000053e+02
1.170250000000000057e+02
1.170420000000000016e+02
1.170720000000000027e+02
1.170870000000000033e+02
1.171050000000000040e+02
1.171129999999999995e+02
1.171320000000000050e+02
1.171479999999999961e+02
1.171590000000000060e+02
1.171680000000000064e+02
1.171770000000000067e+02
1.171800000000000068e+02
1.171979999999999933e+02
1.172060000000000031e+02
1.172339999999999947e+02
1.172450000000000045e+02
1.189560000000000031e+02
1.189729999999999990e+02
1.189770000000000039e+02
1.189819999999999993e+02
1.189909999999999997e+02
1.190000000000000000e+02
1.190480000000000018e+02
1.195340000000000060e+02
1.195520000000000067e+02
1.195570000000000022e+02
1.195769999999999982e+02
1.195930000000000035e+02
1.195979999999999990e+02
1.196039999999999992e+02
1.196110000000000042e+02
1.196230000000000047e+02
1.196440000000000055e+02
1.211790000000000020e+02
1.211830000000000069e+02
1.211860000000000070e+02
1.211880000000000024e+02
1.211979999999999933e+02
1.212060000000000031e+02
1.212249999999999943e+02
1.212409999999999997e+02
1.212740000000000009e+02
1.212840000000000060e+02
1.216039999999999992e+02
1.216099999999999994e+02
1.225180000000000007e+02
1.230160000000000053e+02
1.230600000000000023e+02
1.230619999999999976e+02
1.230849999999999937e+02
1.230900000000000034e+02
1.231189999999999998e+02
1.231299999999999955e+02
1.231370000000000005e+02
1.231550000000000011e+02
1.231659999999999968e+02
1.231889999999999930e+02
1.232030000000000030e+02
1.232150000000000034e+02
1.248439999999999941e+02
1.248619999999999948e+02
1.263769999999999953e+02
1.264150000000000063e+02
1.264449999999999932e+02
1.264629999999999939e+02
1.264680000000000035e+02
1.265289999999999964e+02
1.266370000000000005e+02
1.266419999999999959e+02
1.268259999999999934e+02
1.268449999999999989e+02
1.270240000000000009e+02
1.289230000000000018e+02
1.290860000000000127e+02
1.311020000000000039e+02
1.313830000000000098e+02
1.313870000000000005e+02
1.313909999999999911e+02
1.314389999999999930e+02
1.316210000000000093e+02
1.317779999999999916e+02
1.317839999999999918e+02
1.317969999999999970e+02
1.318110000000000070e+02
1.318160000000000025e+02
1.318209999999999980e+02
1.318230000000000075e+02
1.318379999999999939e+02
1.318420000000000130e+02
1.318530000000000086e+02
1.318609999999999900e+02
1.318640000000000043e+02
1.318679999999999950e+02
1.318729999999999905e+02
1.318870000000000005e+02
1.318909999999999911e+02
1.318990000000000009e+02
1.319490000000000123e+02
1.319629999999999939e+02
1.319710000000000036e+02
1.319770000000000039e+02
1.319890000000000043e+02
1.319929999999999950e+02
1.320049999999999955e+02
1.320109999999999957e+02
1.320180000000000007e+02
1.320229999999999961e+02
1.320349999999999966e+02
1.320430000000000064e+02
1.320490000000000066e+02
1.320540000000000020e+02
1.320620000000000118e+02
1.320900000000000034e+02
1.320949999999999989e+02
1.321009999999999991e+02
1.321109999999999900e+02
1.321179999999999950e+02
1.321270000000000095e+02
1.321299999999999955e+02
1.321349999999999909e+02
1.321390000000000100e+02
1.321440000000000055e+02
1.321459999999999866e+02
1.321639999999999873e+02
1.321709999999999923e+02
1.321759999999999877e+02
1.321850000000000023e+02
1.321990000000000123e+02
1.322050000000000125e+02
1.322239999999999895e+02
1.322280000000000086e+02
1.322369999999999948e+02
1.322400000000000091e+02
1.322489999999999952e+02
1.322570000000000050e+02
1.322640000000000100e+02
1.322769999999999868e+02
1.322820000000000107e+02
1.322870000000000061e+02
1.322899999999999920e+02
1.322940000000000111e+02
1.322969999999999970e+02
1.323100000000000023e+02
1.323189999999999884e+02
1.323249999999999886e+02
1.323319999999999936e+02
1.323439999999999941e+02
1.323480000000000132e+02
1.323530000000000086e+02
1.323640000000000043e+02
1.323679999999999950e+02
1.323750000000000000e+02
1.324010000000000105e+02
1.324070000000000107e+02
1.324110000000000014e+02
1.324459999999999980e+02
1.324550000000000125e+02
1.324710000000000036e+02
1.324790000000000134e+02
1.324929999999999950e+02
1.325070000000000050e+02
1.325289999999999964e+02
1.325360000000000014e+02
1.325540000000000020e+02
1.325639999999999930e+02
1.325869999999999891e+02
1.325980000000000132e+02
1.326210000000000093e+02
1.326310000000000002e+02
1.326359999999999957e+02
1.326459999999999866e+02
1.326959999999999980e+02
1.327030000000000030e+02
1.327100000000000080e+02
1.327319999999999993e+02
1.327700000000000102e+02
1.327839999999999918e+02
1.328019999999999925e+02
1.328079999999999927e+02
1.328269999999999982e+02
1.328400000000000034e+02
1.328470000000000084e+02
1.328760000000000048e+02
1.328830000000000098e+02
1.329010000000000105e+02
1.329070000000000107e+02
1.329180000000000064e+02
1.329259999999999877e+02
1.329399999999999977e+02
1.329509999999999934e+02
1.329569999999999936e+02
1.330120000000000005e+02
1.330209999999999866e+02
1.330339999999999918e+02
1.330509999999999877e+02
1.330550000000000068e+02
1.330780000000000030e+02
1.330809999999999889e+02
1.330980000000000132e+02
1.331069999999999993e+02
1.331210000000000093e+02
1.331419999999999959e+02
1.331450000000000102e+02
1.331599999999999966e+02
1.331680000000000064e+02
1.331800000000000068e+02
1.331850000000000023e+02
1.331889999999999930e+02
1.331970000000000027e+02
1.332040000000000077e+02
1.332090000000000032e+02
1.332230000000000132e+02
1.332280000000000086e+02
1.332330000000000041e+02
1.332400000000000091e+02
1.332429999999999950e+02
1.332510000000000048e+02
1.332560000000000002e+02
1.332740000000000009e+02
1.332820000000000107e+02
1.333000000000000114e+02
1.333100000000000023e+02
1.333230000000000075e+02
1.333489999999999895e+02
1.333530000000000086e+02
1.333609999999999900e+02
1.333640000000000043e+02
1.333710000000000093e+02
1.333779999999999859e+02
1.333830000000000098e+02
1.333940000000000055e+02
1.333990000000000009e+02
1.334029999999999916e+02
1.334079999999999870e+02
1.334650000000000034e+02
1.335120000000000005e+02
1.335320000000000107e+02
1.339279999999999973e+02
1.341740000000000066e+02
1.342539999999999907e+02
1.378480000000000132e+02
1.381270000000000095e+02
1.399950000000000045e+02
1.414660000000000082e+02
1.423149999999999977e+02
1.423240000000000123e+02
1.427410000000000139e+02
1.444389999999999930e+02
1.445080000000000098e+02
1.445109999999999957e+02
1.457270000000000039e+02
1.457309999999999945e+02
1.457359999999999900e+02
1.457379999999999995e+02
1.457429999999999950e+02
1.457470000000000141e+02
1.457500000000000000e+02
1.457539999999999907e+02
1.457620000000000005e+02
1.458040000000000020e+02
1.458100000000000023e+02
1.458129999999999882e+02
1.458170000000000073e+02
1.458269999999999982e+02
1.458400000000000034e+02
1.458470000000000084e+02
1.458540000000000134e+02
1.458590000000000089e+02
1.458660000000000139e+02
1.458810000000000002e+02
1.458849999999999909e+02
1.458899999999999864e+02
1.458940000000000055e+02
1.458979999999999961e+02
1.459019999999999868e+02
1.459120000000000061e+02
1.459180000000000064e+02
1.459230000000000018e+02
1.459269999999999925e+02
1.459300000000000068e+02
1.459399999999999977e+02
1.459490000000000123e+02
1.459639999999999986e+02
1.459660000000000082e+02
1.459720000000000084e+02
1.459859999999999900e+02
1.459890000000000043e+02
1.459929999999999950e+02
1.460010000000000048e+02
1.460190000000000055e+02
1.460250000000000057e+02
1.460300000000000011e+02
1.460349999999999966e+02
1.460389999999999873e+02
1.460449999999999875e+02
1.460529999999999973e+02
1.460589999999999975e+02
1.460769999999999982e+02
1.460999999999999943e+02
1.461100000000000136e+02
1.461330000000000098e+02
1.461430000000000007e+02
1.461610000000000014e+02
1.461649999999999920e+02
1.461769999999999925e+02
1.461829999999999927e+02
1.461879999999999882e+02
1.462170000000000130e+02
1.462230000000000132e+02
1.462460000000000093e+02
1.462510000000000048e+02
1.462630000000000052e+02
1.462760000000000105e+02
1.462829999999999870e+02
1.462870000000000061e+02
1.462899999999999920e+02
1.462949999999999875e+02
1.462990000000000066e+02
1.463240000000000123e+02
1.463329999999999984e+02
1.463369999999999891e+02
1.463530000000000086e+02
1.463569999999999993e+02
1.463660000000000139e+02
1.463689999999999998e+02
1.463729999999999905e+02
1.463839999999999861e+02
1.463890000000000100e+02
1.464079999999999870e+02
1.464130000000000109e+02
1.464290000000000020e+02
1.464389999999999930e+02
1.464509999999999934e+02
1.464600000000000080e+02
1.464780000000000086e+02
1.464950000000000045e+02
1.465389999999999873e+02
1.465720000000000027e+02
1.465800000000000125e+02
1.466069999999999993e+02
1.466459999999999866e+02
1.466589999999999918e+02
1.466709999999999923e+02
1.466769999999999925e+02
1.466910000000000025e+02
1.466990000000000123e+02
1.467239999999999895e+02
1.467489999999999952e+02
1.467570000000000050e+02
1.467649999999999864e+02
1.467700000000000102e+02
1.467740000000000009e+02
1.467769999999999868e+02
1.467930000000000064e+02
1.467969999999999970e+02
1.468040000000000020e+02
1.468089999999999975e+02
1.468129999999999882e+02
1.468160000000000025e+02
1.468420000000000130e+02
1.468509999999999991e+02
1.468540000000000134e+02
1.468640000000000043e+02
1.468679999999999950e+02
1.468729999999999905e+02
1.468760000000000048e+02
1.468779999999999859e+02
1.468839999999999861e+02
1.468880000000000052e+02
1.468930000000000007e+02
1.468950000000000102e+02
1.469019999999999868e+02
1.469079999999999870e+02
1.469149999999999920e+02
1.469190000000000111e+02
1.469240000000000066e+02
1.469420000000000073e+02
1.469720000000000084e+02
1.469859999999999900e+02
1.469929999999999950e+02
1.469979999999999905e+02
1.470070000000000050e+02
1.470180000000000007e+02
1.470310000000000059e+02
1.470440000000000111e+02
1.470490000000000066e+02
1.470560000000000116e+02
1.470600000000000023e+02
1.470649999999999977e+02
1.470689999999999884e+02
1.470809999999999889e+02
1.470860000000000127e+02
1.470900000000000034e+02
1.470929999999999893e+02
1.471009999999999991e+02
1.471049999999999898e+02
1.471189999999999998e+02
1.471359999999999957e+02
1.471500000000000057e+02
1.471560000000000059e+02
1.471620000000000061e+02
1.471670000000000016e+02
1.471740000000000066e+02
1.471829999999999927e+02
1.471870000000000118e+02
1.471910000000000025e+02
1.471959999999999980e+02
1.472050000000000125e+02
1.472090000000000032e+02
1.472139999999999986e+02
1.472170000000000130e+02
1.472210000000000036e+02
1.472369999999999948e+02
1.472620000000000005e+02
1.472700000000000102e+02
1.472889999999999873e+02
1.472959999999999923e+02
1.473009999999999877e+02
1.473079999999999927e+02
1.473120000000000118e+02
1.473170000000000073e+02
1.473199999999999932e+02
1.473240000000000123e+02
1.473420000000000130e+02
1.473520000000000039e+02
1.473549999999999898e+02
1.473600000000000136e+02
1.473820000000000050e+02
1.473859999999999957e+02
1.473990000000000009e+02
1.474120000000000061e+02
1.474199999999999875e+02
1.474300000000000068e+02
1.474939999999999998e+02
1.475099999999999909e+02
1.475209999999999866e+02
1.475389999999999873e+02
1.475440000000000111e+02
1.475689999999999884e+02
1.475879999999999939e+02
1.476080000000000041e+02
1.476169999999999902e+02
1.476599999999999966e+02
1.476759999999999877e+02
1.476949999999999932e+02
1.478950000000000102e+02
1.479000000000000057e+02
1.479130000000000109e+02
1.479439999999999884e+02
1.479480000000000075e+02
1.479579999999999984e+02
1.479650000000000034e+02
1.479770000000000039e+02
1.479819999999999993e+02
1.479859999999999900e+02
1.479900000000000091e+02
1.479939999999999998e+02
1.480080000000000098e+02
1.480140000000000100e+02
1.480540000000000020e+02
1.480639999999999930e+02
1.480689999999999884e+02
1.480759999999999934e+02
1.480780000000000030e+02
1.480879999999999939e+02
1.481100000000000136e+02
1.481430000000000007e+02
1.481659999999999968e+02
1.481759999999999877e+02
1.482529999999999859e+02
1.482560000000000002e+02
1.482839999999999918e+02
1.483160000000000025e+02
1.483389999999999986e+02
1.483410000000000082e+02
1.483679999999999950e+02
1.483859999999999957e+02
1.483890000000000100e+02
1.485749999999999886e+02
1.500569999999999879e+02
1.501119999999999948e+02
1.502129999999999939e+02
1.502350000000000136e+02
1.502620000000000005e+02
1.502659999999999911e+02
1.503249999999999886e+02
1.510080000000000098e+02
1.510999999999999943e+02
1.515029999999999859e+02
1.515440000000000111e+02
1.515490000000000066e+02
1.515550000000000068e+02
1.515960000000000036e+02
1.516020000000000039e+02
1.517230000000000132e+02
1.517659999999999911e+02
1.517740000000000009e+02
1.534010000000000105e+02
1.534199999999999875e+02
1.534250000000000114e+02
1.534290000000000020e+02
1.534360000000000070e+02
1.534449999999999932e+02
1.534490000000000123e+02
1.534540000000000077e+02
1.534639999999999986e+02
1.534850000000000136e+02
1.534939999999999998e+02
1.535029999999999859e+02
1.535080000000000098e+02
1.535120000000000005e+02
1.535190000000000055e+02
1.535229999999999961e+02
1.535260000000000105e+02
1.535339999999999918e+02
1.535409999999999968e+02
1.535519999999999925e+02
1.535680000000000121e+02
1.535800000000000125e+02
1.535900000000000034e+02
1.536030000000000086e+02
1.536100000000000136e+02
1.536299999999999955e+02
1.536639999999999873e+02
1.536709999999999923e+02
1.536889999999999930e+02
1.537139999999999986e+02
1.537220000000000084e+02
1.537299999999999898e+02
1.537520000000000095e+02
1.537669999999999959e+02
1.537810000000000059e+02
1.537990000000000066e+02
1.538069999999999879e+02
1.538120000000000118e+02
1.538269999999999982e+02
1.538300000000000125e+02
1.538340000000000032e+02
1.538389999999999986e+02
1.538420000000000130e+02
1.538530000000000086e+02
1.538569999999999993e+02
1.538619999999999948e+02
1.538669999999999902e+02
1.538729999999999905e+02
1.539019999999999868e+02
1.539230000000000018e+02
1.539420000000000073e+02
1.539449999999999932e+02
1.539509999999999934e+02
1.539550000000000125e+02
1.539610000000000127e+02
1.539699999999999989e+02
1.539780000000000086e+02
1.539840000000000089e+02
1.539960000000000093e+02
1.540039999999999907e+02
1.540080000000000098e+02
1.540300000000000011e+02
1.540420000000000016e+02
1.540459999999999923e+02
1.540529999999999973e+02
1.540620000000000118e+02
1.540680000000000121e+02
1.540740000000000123e+02
1.540780000000000030e+02
1.540829999999999984e+02
1.540879999999999939e+02
1.540960000000000036e+02
1.540999999999999943e+02
1.541069999999999993e+02
1.541129999999999995e+02
1.541320000000000050e+02
1.541419999999999959e+02
1.541500000000000057e+02
1.541570000000000107e+02
1.541620000000000061e+02
1.541769999999999925e+02
1.541899999999999977e+02
1.541939999999999884e+02
1.541990000000000123e+02
1.542090000000000032e+02
1.542220000000000084e+02
1.542439999999999998e+02
1.542510000000000048e+02
1.542690000000000055e+02
1.542709999999999866e+02
1.542899999999999920e+02
1.543340000000000032e+02
1.543660000000000139e+02
1.543969999999999914e+02
1.544039999999999964e+02
1.544110000000000014e+02
1.544329999999999927e+02
1.544660000000000082e+02
1.544830000000000041e+02
1.544960000000000093e+02
1.545099999999999909e+02
1.545310000000000059e+02
1.545339999999999918e+02
1.545709999999999980e+02
1.545850000000000080e+02
1.546030000000000086e+02
1.546239999999999952e+02
1.546390000000000100e+02
1.546479999999999961e+02
1.546819999999999879e+02
1.546949999999999932e+02
1.547299999999999898e+02
1.547580000000000098e+02
1.547829999999999870e+02
1.548050000000000068e+02
1.548110000000000070e+02
1.548429999999999893e+02
1.548640000000000043e+02
1.562050000000000125e+02
1.562470000000000141e+02
1.562510000000000048e+02
1.562789999999999964e+02
1.563149999999999977e+02
1.564110000000000014e+02
1.564379999999999882e+02
1.564629999999999939e+02
1.564929999999999950e+02
1.565389999999999873e+02
1.565469999999999970e+02
1.565569999999999879e+02
1.565610000000000070e+02
1.565680000000000121e+02
1.565819999999999936e+02
1.566059999999999945e+02
1.566299999999999955e+02
1.566359999999999957e+02
1.566479999999999961e+02
1.566570000000000107e+02
1.566889999999999930e+02
1.567290000000000134e+02
1.567460000000000093e+02
1.567609999999999957e+02
1.567760000000000105e+02
1.567930000000000064e+02
1.568509999999999991e+02
1.568990000000000009e+02
1.569110000000000014e+02
1.569209999999999923e+02
1.573249999999999886e+02
1.573280000000000030e+02
1.578420000000000130e+02
1.578470000000000084e+02
1.578499999999999943e+02
1.578890000000000100e+02
1.579430000000000121e+02
1.580029999999999859e+02
1.580070000000000050e+02
1.591500000000000057e+02
1.591579999999999870e+02
1.592100000000000080e+02
1.592249999999999943e+02
1.592299999999999898e+02
1.592350000000000136e+02
1.592460000000000093e+02
1.592510000000000048e+02
1.592549999999999955e+02
1.592589999999999861e+02
1.592609999999999957e+02
1.592690000000000055e+02
1.592880000000000109e+02
1.593009999999999877e+02
1.593060000000000116e+02
1.593590000000000089e+02
1.593890000000000100e+02
1.594230000000000018e+02
1.594279999999999973e+02
1.594319999999999879e+02
1.594420000000000073e+02
1.594459999999999980e+02
1.595039999999999907e+02
1.595500000000000114e+02
1.595560000000000116e+02
1.595709999999999980e+02
1.595769999999999982e+02
1.596030000000000086e+02
1.596119999999999948e+02
1.596169999999999902e+02
1.596399999999999864e+02
1.596810000000000116e+02
1.596910000000000025e+02
1.596959999999999980e+02
1.597189999999999941e+02
1.597359999999999900e+02
1.597429999999999950e+02
1.597479999999999905e+02
1.597599999999999909e+02
1.597669999999999959e+02
1.597969999999999970e+02
1.598079999999999927e+02
1.598170000000000073e+02
1.598220000000000027e+02
1.598259999999999934e+02
1.598319999999999936e+02
1.598389999999999986e+02
1.598439999999999941e+02
1.598480000000000132e+02
1.598509999999999991e+02
1.598530000000000086e+02
1.598569999999999993e+02
1.598609999999999900e+02
1.598660000000000139e+02
1.598909999999999911e+02
1.599060000000000059e+02
1.599099999999999966e+02
1.599149999999999920e+02
1.599180000000000064e+02
1.599250000000000114e+02
1.599290000000000020e+02
1.599360000000000070e+02
1.599650000000000034e+02
1.599770000000000039e+02
1.599869999999999948e+02
1.599919999999999902e+02
1.599989999999999952e+02
1.600049999999999955e+02
1.600099999999999909e+02
1.600140000000000100e+02
1.600190000000000055e+02
1.600229999999999961e+02
1.600279999999999916e+02
1.600320000000000107e+02
1.600370000000000061e+02
1.600409999999999968e+02
1.600490000000000066e+02
1.600529999999999973e+02
1.600610000000000070e+02
1.600699999999999932e+02
1.600759999999999934e+02
1.600829999999999984e+02
1.601040000000000134e+02
1.601239999999999952e+02
1.601279999999999859e+02
1.601370000000000005e+02
1.601510000000000105e+02
1.601839999999999975e+02
1.601889999999999930e+02
1.602129999999999939e+02
1.602290000000000134e+02
1.602450000000000045e+02
1.602580000000000098e+02
1.602630000000000052e+02
1.602789999999999964e+02
1.602839999999999918e+02
1.602959999999999923e+02
1.603230000000000075e+02
1.603360000000000127e+02
1.603420000000000130e+02
1.603460000000000036e+02
1.603520000000000039e+02
1.603909999999999911e+02
1.604139999999999873e+02
1.604199999999999875e+02
1.604259999999999877e+02
1.604439999999999884e+02
1.604579999999999984e+02
1.604730000000000132e+02
1.604819999999999993e+02
1.605010000000000048e+02
1.605070000000000050e+02
1.605219999999999914e+02
1.605279999999999916e+02
1.605420000000000016e+02
1.605579999999999927e+02
1.605660000000000025e+02
1.605720000000000027e+02
1.605819999999999936e+02
1.606020000000000039e+02
1.606160000000000139e+02
1.606200000000000045e+02
1.606279999999999859e+02
1.606419999999999959e+02
1.606479999999999961e+02
1.606579999999999870e+02
1.606759999999999877e+02
1.606810000000000116e+02
1.606850000000000023e+02
1.606999999999999886e+02
1.607040000000000077e+02
1.607090000000000032e+02
1.607239999999999895e+02
1.607350000000000136e+02
1.607479999999999905e+02
1.607549999999999955e+02
1.607750000000000057e+02
1.607789999999999964e+02
1.607839999999999918e+02
1.607870000000000061e+02
1.607899999999999920e+02
1.607940000000000111e+02
1.607990000000000066e+02
1.608369999999999891e+02
1.608439999999999941e+02
1.608499999999999943e+02
1.608609999999999900e+02
1.608669999999999902e+02
1.608930000000000007e+02
1.609290000000000020e+02
1.609490000000000123e+02
1.609550000000000125e+02
1.609749999999999943e+02
1.609869999999999948e+02
1.609919999999999902e+02
1.610029999999999859e+02
1.610550000000000068e+02
1.610910000000000082e+02
1.610989999999999895e+02
1.611289999999999907e+02
1.611639999999999873e+02
1.612230000000000132e+02
1.612789999999999964e+02
1.613089999999999975e+02
1.613180000000000121e+02
1.613309999999999889e+02
1.613830000000000098e+02
1.615910000000000082e+02
1.616510000000000105e+02
1.616550000000000011e+02
1.616719999999999970e+02
1.616810000000000116e+02
1.616899999999999977e+02
1.617079999999999984e+02
1.617139999999999986e+02
1.617270000000000039e+02
1.617359999999999900e+02
1.617750000000000057e+02
1.617829999999999870e+02
1.619149999999999920e+02
1.619199999999999875e+02
1.619230000000000018e+02
1.619300000000000068e+02
1.619350000000000023e+02
1.619399999999999977e+02
1.619499999999999886e+02
1.619550000000000125e+02
1.619569999999999936e+02
1.619629999999999939e+02
1.619900000000000091e+02
1.620039999999999907e+02
1.620190000000000055e+02
1.620519999999999925e+02
1.620680000000000121e+02
1.630709999999999980e+02
1.635829999999999984e+02
1.635869999999999891e+02
1.635920000000000130e+02
1.636049999999999898e+02
1.636090000000000089e+02
1.636150000000000091e+02
1.636239999999999952e+02
1.636289999999999907e+02
1.636330000000000098e+02
1.636359999999999957e+02
1.636469999999999914e+02
1.636560000000000059e+02
1.636670000000000016e+02
1.636819999999999879e+02
1.637220000000000084e+02
1.637529999999999859e+02
1.637669999999999959e+02
1.637810000000000059e+02
1.638280000000000030e+02
1.638410000000000082e+02
1.638499999999999943e+02
1.638760000000000048e+02
1.638899999999999864e+02
1.639120000000000061e+02
1.643340000000000032e+02
1.643389999999999986e+02
1.643420000000000130e+02
1.644650000000000034e+02
1.657359999999999900e+02
1.657390000000000043e+02
1.657959999999999923e+02
1.659199999999999875e+02
1.659219999999999970e+02
1.660529999999999973e+02
1.660589999999999975e+02
1.660749999999999886e+02
1.660809999999999889e+02
1.661140000000000043e+02
1.661179999999999950e+02
1.661229999999999905e+02
1.661459999999999866e+02
1.661579999999999870e+02
1.661769999999999925e+02
1.661839999999999975e+02
1.661949999999999932e+02
1.662009999999999934e+02
1.662079999999999984e+02
1.662210000000000036e+02
1.662460000000000093e+02
1.662489999999999952e+02
1.662659999999999911e+02
1.664720000000000084e+02
1.665149999999999864e+02
1.672030000000000030e+02
1.674259999999999877e+02
1.675589999999999975e+02
1.675639999999999930e+02
1.681109999999999900e+02
1.681150000000000091e+02
1.683530000000000086e+02
1.683979999999999961e+02
1.693369999999999891e+02
1.694240000000000066e+02
1.694399999999999977e+02
1.694439999999999884e+02
1.695730000000000075e+02
1.696090000000000089e+02
1.696129999999999995e+02
1.696189999999999998e+02
1.696250000000000000e+02
1.712700000000000102e+02
1.712779999999999916e+02
1.713400000000000034e+02
1.713439999999999941e+02
1.713799999999999955e+02
1.713959999999999866e+02
1.714010000000000105e+02
1.714050000000000011e+02
1.714099999999999966e+02
1.714149999999999920e+02
1.714190000000000111e+02
1.714240000000000066e+02
1.714269999999999925e+02
1.714319999999999879e+02
1.714350000000000023e+02
1.714590000000000032e+02
1.714629999999999939e+02
1.714679999999999893e+02
1.714720000000000084e+02
1.714739999999999895e+02
1.714840000000000089e+02
1.714879999999999995e+02
1.714929999999999950e+02
1.714970000000000141e+02
1.715029999999999859e+02
1.715070000000000050e+02
1.715159999999999911e+02
1.715209999999999866e+02
1.715250000000000057e+02
1.715310000000000059e+02
1.715399999999999920e+02
1.715440000000000111e+02
1.715490000000000066e+02
1.715529999999999973e+02
1.715620000000000118e+02
1.715660000000000025e+02
1.715689999999999884e+02
1.715769999999999982e+02
1.715850000000000080e+02
1.715980000000000132e+02
1.716059999999999945e+02
1.716090000000000089e+02
1.716189999999999998e+02
1.716289999999999907e+02
1.716450000000000102e+02
1.716550000000000011e+02
1.716649999999999920e+02
1.716719999999999970e+02
1.716750000000000114e+02
1.716800000000000068e+02
1.716829999999999927e+02
1.717030000000000030e+02
1.717079999999999984e+02
1.717309999999999945e+02
1.717369999999999948e+02
1.717419999999999902e+02
1.717470000000000141e+02
1.717560000000000002e+02
1.717680000000000007e+02
1.717750000000000057e+02
1.717860000000000014e+02
1.717949999999999875e+02
1.718019999999999925e+02
1.718189999999999884e+02
1.718259999999999934e+02
1.718369999999999891e+02
1.718540000000000134e+02
1.718700000000000045e+02
1.718859999999999957e+02
1.718899999999999864e+02
1.718969999999999914e+02
1.719180000000000064e+02
1.719219999999999970e+02
1.719470000000000027e+02
1.719530000000000030e+02
1.719699999999999989e+02
1.719840000000000089e+02
1.719890000000000043e+02
1.719960000000000093e+02
1.720029999999999859e+02
1.720089999999999861e+02
1.720190000000000055e+02
1.720219999999999914e+02
1.720360000000000014e+02
1.720440000000000111e+02
1.720540000000000020e+02
1.720610000000000070e+02
1.720749999999999886e+02
1.720769999999999982e+02
1.720910000000000082e+02
1.720980000000000132e+02
1.721090000000000089e+02
1.721250000000000000e+02
1.721320000000000050e+02
1.721370000000000005e+02
1.721639999999999873e+02
1.721699999999999875e+02
1.721879999999999882e+02
1.722079999999999984e+02
1.722170000000000130e+02
1.722319999999999993e+02
1.722410000000000139e+02
1.722460000000000093e+02
1.722750000000000057e+02
1.722849999999999966e+02
1.723000000000000114e+02
1.723060000000000116e+02
1.723340000000000032e+02
1.723389999999999986e+02
1.723590000000000089e+02
1.723820000000000050e+02
1.724120000000000061e+02
1.724240000000000066e+02
1.724329999999999927e+02
1.724449999999999932e+02
1.724619999999999891e+02
1.724679999999999893e+02
1.724910000000000139e+02
1.724960000000000093e+02
1.725169999999999959e+02
1.725389999999999873e+02
1.725480000000000018e+02
1.725730000000000075e+02
1.725840000000000032e+02
1.725970000000000084e+02
1.726380000000000052e+02
1.726519999999999868e+02
1.726579999999999870e+02
1.726750000000000114e+02
1.732419999999999902e+02
1.732539999999999907e+02
1.732630000000000052e+02
1.732719999999999914e+02
1.734050000000000011e+02
1.734590000000000032e+02
1.734879999999999995e+02
1.734900000000000091e+02
1.735190000000000055e+02
1.735800000000000125e+02
1.738789999999999907e+02
1.748350000000000080e+02
1.748660000000000139e+02
1.748909999999999911e+02
1.748950000000000102e+02
1.750960000000000036e+02
1.751080000000000041e+02
1.751129999999999995e+02
1.751479999999999961e+02
1.751819999999999879e+02
1.751860000000000070e+02
1.752319999999999993e+02
1.752369999999999948e+02
1.752400000000000091e+02
1.752510000000000048e+02
1.752700000000000102e+02
1.752829999999999870e+02
1.753420000000000130e+02
1.753470000000000084e+02
1.781639999999999873e+02
1.794159999999999968e+02
1.794209999999999923e+02
1.794360000000000070e+02
1.794399999999999977e+02
1.794699999999999989e+02
1.794950000000000045e+02
1.794989999999999952e+02
1.795039999999999907e+02
1.795140000000000100e+02
1.795250000000000057e+02
1.795670000000000073e+02
1.795730000000000075e+02
1.795809999999999889e+02
1.795929999999999893e+02
1.796150000000000091e+02
1.796270000000000095e+02
1.817460000000000093e+02
1.858859999999999957e+02
1.863120000000000118e+02
1.869039999999999964e+02
1.895200000000000102e+02
1.895269999999999868e+02
1.895329999999999870e+02
1.895370000000000061e+02
1.895420000000000016e+02
1.895689999999999884e+02
1.895780000000000030e+02
1.895929999999999893e+02
1.896020000000000039e+02
1.896289999999999907e+02
1.896339999999999861e+02
1.896860000000000070e+02
1.896920000000000073e+02
1.897090000000000032e+02
1.897160000000000082e+02
1.897249999999999943e+02
1.897319999999999993e+02
1.897500000000000000e+02
1.897630000000000052e+02
1.897789999999999964e+02
1.897860000000000014e+02
1.898000000000000114e+02
1.898319999999999936e+02
1.898439999999999941e+02
1.898669999999999902e+02
1.898839999999999861e+02
1.899259999999999877e+02
1.899459999999999980e+02
1.899530000000000030e+02
1.899600000000000080e+02
1.899639999999999986e+02
1.899819999999999993e+02
1.899989999999999952e+02
1.900039999999999907e+02
1.900089999999999861e+02
1.900180000000000007e+02
1.900209999999999866e+02
1.900310000000000059e+02
1.900349999999999966e+02
1.900600000000000023e+02
1.900689999999999884e+02
1.900730000000000075e+02
1.900780000000000030e+02
1.900910000000000082e+02
1.900989999999999895e+02
1.901150000000000091e+02
1.901210000000000093e+02
1.901339999999999861e+02
1.901390000000000100e+02
1.901430000000000007e+02
1.901479999999999961e+02
1.901510000000000105e+02
1.901630000000000109e+02
1.901730000000000018e+02
1.901779999999999973e+02
1.901839999999999975e+02
1.901889999999999930e+02
1.901970000000000027e+02
1.902150000000000034e+02
1.902220000000000084e+02
1.902270000000000039e+02
1.902350000000000136e+02
1.902589999999999861e+02
1.902700000000000102e+02
1.902769999999999868e+02
1.902880000000000109e+02
1.902940000000000111e+02
1.902980000000000018e+02
1.903089999999999975e+02
1.903170000000000073e+02
1.903350000000000080e+02
1.903429999999999893e+02
1.903650000000000091e+02
1.903689999999999998e+02
1.903739999999999952e+02
1.904180000000000064e+02
1.904279999999999973e+02
1.904339999999999975e+02
1.904389999999999930e+02
1.904569999999999936e+02
1.904689999999999941e+02
1.904830000000000041e+02
1.904970000000000141e+02
1.905010000000000048e+02
1.905180000000000007e+02
1.905219999999999914e+02
1.905300000000000011e+02
1.905519999999999925e+02
1.905620000000000118e+02
1.905730000000000075e+02
1.905780000000000030e+02
1.905860000000000127e+02
1.905949999999999989e+02
1.906250000000000000e+02
1.906349999999999909e+02
1.906479999999999961e+02
1.906539999999999964e+02
1.906610000000000014e+02
1.906829999999999927e+02
1.906930000000000121e+02
1.907040000000000077e+02
1.907309999999999945e+02
1.907390000000000043e+02
1.907580000000000098e+02
1.907630000000000052e+02
1.907870000000000061e+02
1.907899999999999920e+02
1.907949999999999875e+02
1.908290000000000077e+02
1.908420000000000130e+02
1.908449999999999989e+02
1.908580000000000041e+02
1.908679999999999950e+02
1.908770000000000095e+02
1.908789999999999907e+02
1.908859999999999957e+02
1.909019999999999868e+02
1.909219999999999970e+02
1.909290000000000020e+02
1.909360000000000070e+02
1.909420000000000073e+02
1.909490000000000123e+02
1.909639999999999986e+02
1.909689999999999941e+02
1.909710000000000036e+02
1.909739999999999895e+02
1.909799999999999898e+02
1.909850000000000136e+02
1.909890000000000043e+02
1.909970000000000141e+02
1.910020000000000095e+02
1.910120000000000005e+02
1.910159999999999911e+02
1.910219999999999914e+02
1.910269999999999868e+02
1.910550000000000068e+02
1.910800000000000125e+02
1.910889999999999986e+02
1.910949999999999989e+02
1.910980000000000132e+02
1.911090000000000089e+02
1.911129999999999995e+02
1.911229999999999905e+02
1.911380000000000052e+02
1.911560000000000059e+02
1.911659999999999968e+02
1.911779999999999973e+02
1.911910000000000025e+02
1.911970000000000027e+02
1.912100000000000080e+02
1.912179999999999893e+02
1.912319999999999993e+02
1.912419999999999902e+02
1.912470000000000141e+02
1.912520000000000095e+02
1.912599999999999909e+02
1.912669999999999959e+02
1.912740000000000009e+02
1.912829999999999870e+02
1.912889999999999873e+02
1.912949999999999875e+02
1.912990000000000066e+02
1.913139999999999930e+02
1.913240000000000123e+02
1.913309999999999889e+02
1.913389999999999986e+02
1.913559999999999945e+02
1.913779999999999859e+02
1.913890000000000100e+02
1.913959999999999866e+02
1.914399999999999977e+02
1.914590000000000032e+02
1.914710000000000036e+02
1.914780000000000086e+02
1.914850000000000136e+02
1.914950000000000045e+02
1.915529999999999973e+02
1.915740000000000123e+02
1.915879999999999939e+02
1.916090000000000089e+02
1.916250000000000000e+02
1.916359999999999957e+02
1.918000000000000114e+02
1.925509999999999877e+02
1.960029999999999859e+02
1.960610000000000070e+02
1.962839999999999918e+02
1.962880000000000109e+02
1.972280000000000086e+02
1.972350000000000136e+02
1.974579999999999984e+02
1.974629999999999939e+02
1.974720000000000084e+02
1.974749999999999943e+02
1.974869999999999948e+02
1.975149999999999864e+02
1.975269999999999868e+02
1.975320000000000107e+02
1.975360000000000014e+02
1.975420000000000016e+02
1.975469999999999970e+02
1.975540000000000020e+02
1.975660000000000025e+02
1.975759999999999934e+02
1.975869999999999891e+02
1.976109999999999900e+02
1.976299999999999955e+02
1.976560000000000059e+02
1.976639999999999873e+02
1.976810000000000116e+02
1.977009999999999934e+02
1.977119999999999891e+02
1.977659999999999911e+02
1.977709999999999866e+02
1.977750000000000057e+02
1.978149999999999977e+02
1.979269999999999925e+02
1.979300000000000068e+02
1.979490000000000123e+02
1.979610000000000127e+02
1.979720000000000084e+02
1.979840000000000089e+02
1.980020000000000095e+02
1.980060000000000002e+02
1.980109999999999957e+02
1.980180000000000007e+02
1.980420000000000016e+02
1.980459999999999923e+02
1.980519999999999925e+02
1.980589999999999975e+02
1.980809999999999889e+02
1.980910000000000082e+02
1.980960000000000036e+02
1.980999999999999943e+02
1.981200000000000045e+02
1.981339999999999861e+02
1.981390000000000100e+02
1.981450000000000102e+02
1.981630000000000109e+02
1.981889999999999930e+02
1.982139999999999986e+02
1.982580000000000098e+02
1.982779999999999916e+02
1.982849999999999966e+02
1.982880000000000109e+02
1.982940000000000111e+02
1.982990000000000066e+02
1.983029999999999973e+02
1.983220000000000027e+02
1.983309999999999889e+02
1.983350000000000080e+02
1.983379999999999939e+02
1.983549999999999898e+02
1.983590000000000089e+02
1.983700000000000045e+02
1.983750000000000000e+02
1.983810000000000002e+02
1.984259999999999877e+02
1.984459999999999980e+02
1.984600000000000080e+02
1.984759999999999991e+02
1.985070000000000050e+02
1.985180000000000007e+02
1.985229999999999961e+02
1.985300000000000011e+02
1.985449999999999875e+02
1.985500000000000114e+02
1.985660000000000025e+02
1.985850000000000080e+02
1.985910000000000082e+02
1.985949999999999989e+02
1.986009999999999991e+02
1.986109999999999900e+02
1.986220000000000141e+02
1.986430000000000007e+02
1.986519999999999868e+02
1.986620000000000061e+02
1.986810000000000116e+02
1.986870000000000118e+02
1.986920000000000073e+02
1.987079999999999984e+02
1.987199999999999989e+02
1.987309999999999945e+02
1.987500000000000000e+02
1.987719999999999914e+02
1.987789999999999964e+02
1.987870000000000061e+02
1.988029999999999973e+02
1.988139999999999930e+02
1.988220000000000027e+02
1.988280000000000030e+02
1.988329999999999984e+02
1.988650000000000091e+02
1.988820000000000050e+02
1.989120000000000061e+02
1.989279999999999973e+02
1.989519999999999982e+02
1.989590000000000032e+02
1.989830000000000041e+02
1.989890000000000043e+02
1.990089999999999861e+02
1.990180000000000007e+02
1.990240000000000009e+02
1.990320000000000107e+02
1.990399999999999920e+02
1.990639999999999930e+02
1.992299999999999898e+02
1.992350000000000136e+02
1.992379999999999995e+02
1.995920000000000130e+02
2.002350000000000136e+02
2.002839999999999918e+02
2.016310000000000002e+02
2.016490000000000009e+02
2.016519999999999868e+02
2.017940000000000111e+02
2.022199999999999989e+02
2.024819999999999993e+02
2.024869999999999948e+02
2.024910000000000139e+02
2.027139999999999986e+02
2.027199999999999989e+02
2.029699999999999989e+02
2.029950000000000045e+02
2.030000000000000000e+02
2.030029999999999859e+02
2.030240000000000009e+02
2.030279999999999916e+02
2.030389999999999873e+02
2.030509999999999877e+02
2.030579999999999927e+02
2.030790000000000077e+02
2.030819999999999936e+02
2.031040000000000134e+02
2.031129999999999995e+02
2.031380000000000052e+02
2.031419999999999959e+02
2.031510000000000105e+02
2.031610000000000014e+02
2.031690000000000111e+02
2.032539999999999907e+02
2.032620000000000005e+02
2.032899999999999920e+02
2.033050000000000068e+02
2.033689999999999998e+02
2.035180000000000007e+02
2.035219999999999914e+02
2.041370000000000005e+02
2.056310000000000002e+02
2.062419999999999902e+02
2.062810000000000059e+02
2.063029999999999973e+02
2.063069999999999879e+02
2.063149999999999977e+02
2.063209999999999980e+02
2.071370000000000005e+02
2.072009999999999934e+02
2.086790000000000020e+02
2.086829999999999927e+02
2.094420000000000073e+02
2.097849999999999966e+02
2.098089999999999975e+02
2.098340000000000032e+02
2.099060000000000059e+02
2.100010000000000048e+02
2.105370000000000061e+02
2.116889999999999930e+02
2.133089999999999975e+02
2.137969999999999970e+02
2.141889999999999930e+02
2.141939999999999884e+02
2.142239999999999895e+02
2.142259999999999991e+02
2.151959999999999980e+02
2.152119999999999891e+02
2.161730000000000018e+02
2.163300000000000125e+02
2.170939999999999941e+02
2.180300000000000011e+02
2.183830000000000098e+02
2.191119999999999948e+02
2.191179999999999950e+02
2.201860000000000070e+02
2.205670000000000073e+02
2.236779999999999973e+02
2.236829999999999927e+02
2.236920000000000073e+02
2.236990000000000123e+02
2.237040000000000077e+02
2.237079999999999984e+02
2.237110000000000127e+02
2.237129999999999939e+02
2.237189999999999941e+02
2.237230000000000132e+02
2.237280000000000086e+02
2.237350000000000136e+02
2.237429999999999950e+02
2.237529999999999859e+02
2.237680000000000007e+02
2.237729999999999961e+02
2.237810000000000059e+02
2.237849999999999966e+02
2.237899999999999920e+02
2.237949999999999875e+02
2.237990000000000066e+02
2.238040000000000020e+02
2.238069999999999879e+02
2.238120000000000118e+02
2.238209999999999980e+02
2.238290000000000077e+02
2.238389999999999986e+02
2.238460000000000036e+02
2.238499999999999943e+02
2.238629999999999995e+02
2.238700000000000045e+02
2.238810000000000002e+02
2.239089999999999918e+02
2.239110000000000014e+02
2.239230000000000018e+02
2.239269999999999925e+02
2.239319999999999879e+02
2.239439999999999884e+02
2.239759999999999991e+02
2.239919999999999902e+02
2.240080000000000098e+02
2.240380000000000109e+02
2.240800000000000125e+02
2.241049999999999898e+02
2.241630000000000109e+02
2.241680000000000064e+02
2.241829999999999927e+02
2.241860000000000070e+02
2.241949999999999932e+02
2.242050000000000125e+02
2.242129999999999939e+02
2.242220000000000084e+02
2.242410000000000139e+02
2.242439999999999998e+02
2.242580000000000098e+02
2.242760000000000105e+02
2.242889999999999873e+02
2.242969999999999970e+02
2.243060000000000116e+02
2.243209999999999980e+02
2.243580000000000041e+02
2.243629999999999995e+02
2.243750000000000000e+02
2.243820000000000050e+02
2.243890000000000100e+02
2.244120000000000061e+02
2.244209999999999923e+02
2.244250000000000114e+02
2.244420000000000073e+02
2.244509999999999934e+02
2.244679999999999893e+02
2.244710000000000036e+02
2.244759999999999991e+02
2.244809999999999945e+02
2.244919999999999902e+02
2.244960000000000093e+02
2.245159999999999911e+02
2.245219999999999914e+02
2.245300000000000011e+02
2.245370000000000061e+02
2.245459999999999923e+02
2.245500000000000114e+02
2.245540000000000020e+02
2.245589999999999975e+02
2.245670000000000073e+02
2.245780000000000030e+02
2.245960000000000036e+02
2.246090000000000089e+02
2.246270000000000095e+02
2.246440000000000055e+02
2.246510000000000105e+02
2.246639999999999873e+02
2.246829999999999927e+02
2.246910000000000025e+02
2.246970000000000027e+02
2.247079999999999984e+02
2.247239999999999895e+02
2.247390000000000043e+02
2.247609999999999957e+02
2.247860000000000014e+02
2.247920000000000016e+02
2.248180000000000121e+02
2.248420000000000130e+02
2.248470000000000084e+02
2.248590000000000089e+02
2.248739999999999952e+02
2.248890000000000100e+02
2.248959999999999866e+02
2.249130000000000109e+02
2.249379999999999882e+02
2.250999999999999943e+02
2.254290000000000020e+02
2.254499999999999886e+02
2.254660000000000082e+02
2.255039999999999907e+02
2.255610000000000070e+02
2.256390000000000100e+02
2.259259999999999877e+02
2.259319999999999879e+02
2.259530000000000030e+02
2.259610000000000127e+02
2.259720000000000084e+02
2.259770000000000039e+02
2.259869999999999948e+02
2.260029999999999859e+02
2.260169999999999959e+02
2.260300000000000011e+02
2.265360000000000014e+02
2.265399999999999920e+02
2.278859999999999957e+02
2.278899999999999864e+02
2.296819999999999879e+02
2.299399999999999977e+02
2.305840000000000032e+02
2.306150000000000091e+02
2.320610000000000070e+02
2.321879999999999882e+02
2.322969999999999970e+02
2.323000000000000114e+02
2.323089999999999975e+02
2.323189999999999884e+02
2.323230000000000075e+02
2.323280000000000030e+02
2.323309999999999889e+02
2.323439999999999941e+02
2.323569999999999993e+02
2.323979999999999961e+02
2.324060000000000059e+02
2.324230000000000018e+02
2.324360000000000070e+02
2.324519999999999982e+02
2.324699999999999989e+02
2.324919999999999902e+02
2.324970000000000141e+02
2.325029999999999859e+02
2.325159999999999911e+02
2.325420000000000016e+02
2.325540000000000020e+02
2.325720000000000027e+02
2.330670000000000073e+02
2.347450000000000045e+02
2.347489999999999952e+02
2.347630000000000052e+02
2.347649999999999864e+02
2.348530000000000086e+02
2.353350000000000080e+02
2.364459999999999980e+02
2.364509999999999934e+02
2.364540000000000077e+02
2.364770000000000039e+02
2.364819999999999993e+02
2.364910000000000139e+02
2.365039999999999907e+02
2.365449999999999875e+02
2.365550000000000068e+02
2.365620000000000118e+02
2.365759999999999934e+02
2.365840000000000032e+02
2.365949999999999989e+02
2.365999999999999943e+02
2.366169999999999902e+02
2.366260000000000048e+02
2.366620000000000061e+02
2.366709999999999923e+02
2.366790000000000020e+02
2.366920000000000073e+02
2.366980000000000075e+02
2.367100000000000080e+02
2.367220000000000084e+02
2.367520000000000095e+02
2.367599999999999909e+02
2.367659999999999911e+02
2.367779999999999916e+02
2.367860000000000014e+02
2.367940000000000111e+02
2.368139999999999930e+02
2.368470000000000084e+02
2.368600000000000136e+02
2.368890000000000100e+02
2.368930000000000007e+02
2.368979999999999961e+02
2.369070000000000107e+02
2.369269999999999925e+02
2.369459999999999980e+02
2.369600000000000080e+02
2.369699999999999989e+02
2.369879999999999995e+02
2.369919999999999902e+02
2.370279999999999916e+02
2.370320000000000107e+02
2.370370000000000061e+02
2.370430000000000064e+02
2.370469999999999970e+02
2.370490000000000066e+02
2.370800000000000125e+02
2.370869999999999891e+02
2.370920000000000130e+02
2.370970000000000084e+02
2.371140000000000043e+02
2.371189999999999998e+02
2.371220000000000141e+02
2.371349999999999909e+02
2.371450000000000102e+02
2.371479999999999961e+02
2.371539999999999964e+02
2.371639999999999873e+02
2.371769999999999925e+02
2.371860000000000070e+02
2.371970000000000027e+02
2.372030000000000030e+02
2.372139999999999986e+02
2.372179999999999893e+02
2.372230000000000132e+02
2.372299999999999898e+02
2.372350000000000136e+02
2.372390000000000043e+02
2.372539999999999907e+02
2.372570000000000050e+02
2.372620000000000005e+02
2.372709999999999866e+02
2.372829999999999870e+02
2.372899999999999920e+02
2.373019999999999925e+02
2.373089999999999975e+02
2.373170000000000073e+02
2.373249999999999886e+02
2.373280000000000030e+02
2.373410000000000082e+02
2.373549999999999898e+02
2.373609999999999900e+02
2.373640000000000043e+02
2.373739999999999952e+02
2.373820000000000050e+02
2.373899999999999864e+02
2.374209999999999923e+02
2.374310000000000116e+02
2.374519999999999982e+02
2.374639999999999986e+02
2.374689999999999941e+02
2.374770000000000039e+02
2.374819999999999993e+02
2.374869999999999948e+02
2.374929999999999950e+02
2.375120000000000005e+02
2.375159999999999911e+02
2.375449999999999875e+02
2.375649999999999977e+02
2.375769999999999982e+02
2.375910000000000082e+02
2.376169999999999902e+02
2.376390000000000100e+02
2.376430000000000007e+02
2.376490000000000009e+02
2.376560000000000059e+02
2.376680000000000064e+02
2.376740000000000066e+02
2.376790000000000020e+02
2.376860000000000070e+02
2.376910000000000025e+02
2.377079999999999984e+02
2.377280000000000086e+02
2.377400000000000091e+02
2.377460000000000093e+02
2.377669999999999959e+02
2.377769999999999868e+02
2.377870000000000061e+02
2.377940000000000111e+02
2.378209999999999980e+02
2.378420000000000130e+02
2.378609999999999900e+02
2.378880000000000052e+02
2.378990000000000009e+02
2.379890000000000043e+02
2.380010000000000048e+02
2.380140000000000100e+02
2.380409999999999968e+02
2.380560000000000116e+02
2.381310000000000002e+02
2.386819999999999879e+02
2.387150000000000034e+02
2.390130000000000052e+02
2.390219999999999914e+02
2.390389999999999873e+02
2.390430000000000064e+02
2.390519999999999925e+02
2.390579999999999927e+02
2.390900000000000034e+02
2.390980000000000132e+02
2.399290000000000020e+02
2.399339999999999975e+02
2.399970000000000141e+02
2.400939999999999941e+02
2.400989999999999895e+02
2.407909999999999968e+02
2.429230000000000018e+02
2.430629999999999882e+02
2.430960000000000036e+02
2.431299999999999955e+02
2.438249999999999886e+02
2.438779999999999859e+02
2.439970000000000141e+02
2.439989999999999952e+02
2.440159999999999911e+02
2.440209999999999866e+02
2.440260000000000105e+02
2.440380000000000109e+02
2.440430000000000064e+02
2.440540000000000020e+02
2.440639999999999930e+02
2.440689999999999884e+02
2.440730000000000075e+02
2.440819999999999936e+02
2.440860000000000127e+02
2.441299999999999955e+02
2.441349999999999909e+02
2.441380000000000052e+02
2.441570000000000107e+02
2.441620000000000061e+02
2.441719999999999970e+02
2.441829999999999927e+02
2.442030000000000030e+02
2.442220000000000084e+02
2.442309999999999945e+02
2.442450000000000045e+02
2.442510000000000048e+02
2.442649999999999864e+02
2.442709999999999866e+02
2.442769999999999868e+02
2.442820000000000107e+02
2.442940000000000111e+02
2.443100000000000023e+02
2.443129999999999882e+02
2.443269999999999982e+02
2.443379999999999939e+02
2.443559999999999945e+02
2.443679999999999950e+02
2.443779999999999859e+02
2.443820000000000050e+02
2.443880000000000052e+02
2.443950000000000102e+02
2.444010000000000105e+02
2.444060000000000059e+02
2.444170000000000016e+02
2.444219999999999970e+02
2.444360000000000070e+02
2.444470000000000027e+02
2.444559999999999889e+02
2.444639999999999986e+02
2.445060000000000002e+02
2.445279999999999916e+02
2.445349999999999966e+02
2.445409999999999968e+02
2.445440000000000111e+02
2.445490000000000066e+02
2.445649999999999977e+02
2.445730000000000075e+02
2.445800000000000125e+02
2.445900000000000034e+02
2.445980000000000132e+02
2.446049999999999898e+02
2.446119999999999948e+02
2.446179999999999950e+02
2.446260000000000048e+02
2.446380000000000052e+02
2.446539999999999964e+02
2.446740000000000066e+02
2.447059999999999889e+02
2.447129999999999939e+02
2.447359999999999900e+02
2.447419999999999902e+02
2.447589999999999861e+02
2.447680000000000007e+02
2.447700000000000102e+02
2.447779999999999916e+02
2.447920000000000016e+02
2.448079999999999927e+02
2.448120000000000118e+02
2.448340000000000032e+02
2.448400000000000034e+02
2.448760000000000048e+02
2.449240000000000066e+02
2.449559999999999889e+02
2.449739999999999895e+02
2.449830000000000041e+02
2.449879999999999995e+02
2.449979999999999905e+02
2.450089999999999861e+02
2.450190000000000055e+02
2.450360000000000014e+02
2.450449999999999875e+02
2.450720000000000027e+02
2.450800000000000125e+02
2.450970000000000084e+02
2.451459999999999866e+02
2.451699999999999875e+02
2.458480000000000132e+02
2.458559999999999945e+02
2.459459999999999980e+02
2.460440000000000111e+02
2.462319999999999993e+02
2.462510000000000048e+02
2.462709999999999866e+02
2.462740000000000009e+02
2.462779999999999916e+02
2.462829999999999870e+02
2.462870000000000061e+02
2.462920000000000016e+02
2.462959999999999923e+02
2.463009999999999877e+02
2.463050000000000068e+02
2.463120000000000118e+02
2.463180000000000121e+02
2.463220000000000027e+02
2.463259999999999934e+02
2.463309999999999889e+02
2.463400000000000034e+02
2.463460000000000036e+02
2.463609999999999900e+02
2.463710000000000093e+02
2.464180000000000064e+02
2.464329999999999927e+02
2.464519999999999982e+02
2.464960000000000093e+02
2.465190000000000055e+02
2.490730000000000075e+02
2.490780000000000030e+02
2.494079999999999870e+02
2.500879999999999939e+02
2.501119999999999948e+02
2.501169999999999902e+02
2.525970000000000084e+02
2.526150000000000091e+02
2.533209999999999980e+02
2.539720000000000084e+02
2.539770000000000039e+02
2.540159999999999911e+02
2.545980000000000132e+02
2.568460000000000036e+02
2.568509999999999991e+02
2.568550000000000182e+02
2.568650000000000091e+02
2.568740000000000236e+02
2.568820000000000050e+02
2.568890000000000100e+02
2.569089999999999918e+02
2.569399999999999977e+02
2.569460000000000264e+02
2.569639999999999986e+02
2.569870000000000232e+02
2.569970000000000141e+02
2.570120000000000005e+02
2.570230000000000246e+02
2.570330000000000155e+02
2.570659999999999741e+02
2.570710000000000264e+02
2.570790000000000077e+02
2.570840000000000032e+02
2.571390000000000100e+02
2.571449999999999818e+02
2.571480000000000246e+02
2.571549999999999727e+02
2.571600000000000250e+02
2.571630000000000109e+02
2.571820000000000164e+02
2.571879999999999882e+02
2.571960000000000264e+02
2.572040000000000077e+02
2.572219999999999800e+02
2.572379999999999995e+02
2.572420000000000186e+02
2.572509999999999764e+02
2.572549999999999955e+02
2.572690000000000055e+02
2.572810000000000059e+02
2.572980000000000018e+02
2.573229999999999791e+02
2.573389999999999986e+02
2.573750000000000000e+02
2.573840000000000146e+02
2.573860000000000241e+02
2.573949999999999818e+02
2.574100000000000250e+02
2.574130000000000109e+02
2.574220000000000255e+02
2.574279999999999973e+02
2.574409999999999741e+02
2.574510000000000218e+02
2.574540000000000077e+02
2.574590000000000032e+02
2.574689999999999941e+02
2.574769999999999754e+02
2.574859999999999900e+02
2.574909999999999854e+02
2.575369999999999777e+02
2.575559999999999832e+02
2.575649999999999977e+02
2.575679999999999836e+02
2.575710000000000264e+02
2.575980000000000132e+02
2.576109999999999900e+02
2.576209999999999809e+02
2.576349999999999909e+02
2.576399999999999864e+02
2.576469999999999914e+02
2.576510000000000105e+02
2.576589999999999918e+02
2.576709999999999923e+02
2.576739999999999782e+02
2.576840000000000259e+02
2.576940000000000168e+02
2.576999999999999886e+02
2.577099999999999795e+02
2.577219999999999800e+02
2.577610000000000241e+02
2.577649999999999864e+02
2.577780000000000200e+02
2.577839999999999918e+02
2.577900000000000205e+02
2.578100000000000023e+02
2.578210000000000264e+02
2.578469999999999800e+02
2.578550000000000182e+02
2.578779999999999859e+02
2.578840000000000146e+02
2.578949999999999818e+02
2.579049999999999727e+02
2.579139999999999873e+02
2.579209999999999923e+02
2.579239999999999782e+02
2.579590000000000032e+02
2.579680000000000177e+02
2.579839999999999804e+02
2.579929999999999950e+02
2.580009999999999764e+02
2.580040000000000191e+02
2.580070000000000050e+02
2.580149999999999864e+02
2.580330000000000155e+02
2.580380000000000109e+02
2.580960000000000036e+02
2.581170000000000186e+02
2.581209999999999809e+02
2.581329999999999814e+02
2.581499999999999773e+02
2.582029999999999745e+02
2.582200000000000273e+02
2.582250000000000227e+02
2.582330000000000041e+02
2.582490000000000236e+02
2.582570000000000050e+02
2.582789999999999964e+02
2.583000000000000114e+02
2.583179999999999836e+02
2.583360000000000127e+02
2.583439999999999941e+02
2.583580000000000041e+02
2.583770000000000095e+02
2.583899999999999864e+02
2.584049999999999727e+02
2.584130000000000109e+02
2.584409999999999741e+02
2.584639999999999986e+02
2.584859999999999900e+02
2.584920000000000186e+02
2.585020000000000095e+02
2.585330000000000155e+02
2.588589999999999804e+02
2.589069999999999823e+02
2.600059999999999718e+02
2.601009999999999991e+02
2.616209999999999809e+02
2.616309999999999718e+02
2.617900000000000205e+02
2.617950000000000159e+02
2.618079999999999927e+02
2.618279999999999745e+02
2.619470000000000027e+02
2.619519999999999982e+02
2.620160000000000196e+02
2.630600000000000023e+02
2.634100000000000250e+02
2.645869999999999891e+02
2.648290000000000077e+02
2.648330000000000268e+02
2.648389999999999986e+02
2.654759999999999991e+02
2.656220000000000141e+02
2.657019999999999982e+02
2.659979999999999905e+02
2.663609999999999900e+02
2.665950000000000273e+02
2.666139999999999759e+02
2.666179999999999950e+02
2.666659999999999968e+02
2.667579999999999814e+02
2.667620000000000005e+02
2.668700000000000045e+02
2.668910000000000196e+02
2.668940000000000055e+02
2.669080000000000155e+02
2.669150000000000205e+02
2.669359999999999786e+02
2.670810000000000173e+02
2.670860000000000127e+02
2.670919999999999845e+02
2.671000000000000227e+02
2.671179999999999950e+02
2.671329999999999814e+02
2.671390000000000100e+02
2.671610000000000014e+02
2.671720000000000255e+02
2.672090000000000032e+02
2.672139999999999986e+02
2.682429999999999950e+02
2.682470000000000141e+02
2.682500000000000000e+02
2.682660000000000196e+02
2.682699999999999818e+02
2.682799999999999727e+02
2.682880000000000109e+02
2.683090000000000259e+02
2.683290000000000077e+02
2.683450000000000273e+02
2.683919999999999959e+02
2.684329999999999927e+02
2.690120000000000005e+02
2.693659999999999854e+02
2.699189999999999827e+02
