3.000400000000000134e+01
3.001200000000000045e+01
3.001749999999999829e+01
3.002649999999999864e+01
3.003500000000000014e+01
3.004050000000000153e+01
3.004899999999999949e+01
3.005799999999999983e+01
3.009850000000000136e+01
3.012800000000000011e+01
3.013700000000000045e+01
3.016100000000000136e+01
3.018850000000000122e+01
3.019450000000000145e+01
3.020400000000000063e+01
3.023900000000000077e+01
3.024800000000000111e+01
3.026500000000000057e+01
3.027400000000000091e+01
3.029149999999999920e+01
3.030099999999999838e+01
3.031700000000000017e+01
3.033699999999999974e+01
3.034600000000000009e+01
3.035300000000000153e+01
3.036400000000000077e+01
3.037300000000000111e+01
3.038100000000000023e+01
3.043149999999999977e+01
3.044050000000000011e+01
3.048100000000000165e+01
3.051249999999999929e+01
3.053500000000000014e+01
3.054400000000000048e+01
3.056650000000000134e+01
3.061299999999999955e+01
3.063400000000000034e+01
3.067249999999999943e+01
3.073649999999999949e+01
3.077599999999999980e+01
3.078900000000000148e+01
3.081299999999999883e+01
3.082499999999999929e+01
3.086400000000000077e+01
3.089450000000000074e+01
3.090950000000000131e+01
3.092299999999999827e+01
3.094000000000000128e+01
3.112900000000000134e+01
3.749349999999999739e+01
3.861050000000000182e+01
3.871549999999999869e+01
3.920300000000000296e+01
4.000300000000000011e+01
4.001100000000000279e+01
4.003549999999999898e+01
4.024799999999999756e+01
4.045949999999999847e+01
4.048250000000000171e+01
4.066749999999999687e+01
4.080400000000000205e+01
4.086249999999999716e+01
4.107950000000000301e+01
4.110099999999999909e+01
4.114699999999999847e+01
4.125750000000000028e+01
4.149900000000000233e+01
4.170600000000000307e+01
4.175650000000000261e+01
4.196900000000000119e+01
4.203300000000000125e+01
4.215800000000000125e+01
4.228849999999999909e+01
4.231750000000000256e+01
4.238450000000000273e+01
4.264000000000000057e+01
4.279899999999999949e+01
4.292099999999999937e+01
4.313100000000000023e+01
4.319250000000000256e+01
4.333899999999999864e+01
4.336399999999999721e+01
4.358500000000000085e+01
4.371549999999999869e+01
4.378799999999999670e+01
4.380299999999999727e+01
4.422149999999999892e+01
4.423899999999999721e+01
4.445799999999999841e+01
4.451749999999999829e+01
4.477750000000000341e+01
4.487749999999999773e+01
4.513949999999999818e+01
4.515899999999999892e+01
4.527100000000000080e+01
4.528750000000000142e+01
4.539350000000000307e+01
4.556450000000000244e+01
4.560849999999999937e+01
4.635450000000000159e+01
4.657500000000000284e+01
4.682000000000000028e+01
4.688499999999999801e+01
4.698250000000000171e+01
4.731649999999999778e+01
4.733899999999999864e+01
4.744200000000000017e+01
4.756349999999999767e+01
4.775399999999999778e+01
4.805799999999999983e+01
4.816049999999999898e+01
4.819599999999999795e+01
4.838400000000000034e+01
4.841449999999999676e+01
4.849399999999999977e+01
4.890100000000000335e+01
4.907750000000000057e+01
4.925099999999999767e+01
4.935549999999999926e+01
4.941649999999999920e+01
4.944299999999999784e+01
4.977600000000000335e+01
4.979950000000000188e+01
5.000600000000000023e+01
5.002049999999999841e+01
5.039399999999999835e+01
5.071500000000000341e+01
5.076950000000000074e+01
5.089000000000000057e+01
5.090849999999999653e+01
5.104800000000000182e+01
5.108149999999999835e+01
5.119149999999999778e+01
5.136299999999999955e+01
5.140599999999999881e+01
5.150249999999999773e+01
5.318399999999999750e+01
5.326350000000000051e+01
5.328000000000000114e+01
5.329599999999999937e+01
5.331000000000000227e+01
5.333400000000000318e+01
5.336500000000000199e+01
5.337449999999999761e+01
5.338300000000000267e+01
5.339350000000000307e+01
5.340849999999999653e+01
5.341799999999999926e+01
5.344700000000000273e+01
5.345850000000000080e+01
5.346500000000000341e+01
5.346949999999999648e+01
5.347650000000000148e+01
5.349399999999999977e+01
5.351850000000000307e+01
5.354350000000000165e+01
5.355100000000000193e+01
5.355850000000000222e+01
5.356300000000000239e+01
5.358350000000000080e+01
5.359899999999999665e+01
5.360399999999999920e+01
5.362449999999999761e+01
5.364650000000000318e+01
5.366400000000000148e+01
5.366949999999999932e+01
5.373199999999999932e+01
5.374049999999999727e+01
5.374600000000000222e+01
5.375699999999999790e+01
5.376149999999999807e+01
5.378450000000000131e+01
5.378900000000000148e+01
5.380199999999999960e+01
5.380649999999999977e+01
5.381099999999999994e+01
5.381550000000000011e+01
5.382000000000000028e+01
5.382450000000000045e+01
5.382900000000000063e+01
5.383350000000000080e+01
5.383800000000000097e+01
5.384250000000000114e+01
5.384700000000000131e+01
5.385150000000000148e+01
5.385600000000000165e+01
5.386050000000000182e+01
5.386500000000000199e+01
5.386950000000000216e+01
5.387400000000000233e+01
5.387850000000000250e+01
5.388300000000000267e+01
5.388750000000000284e+01
5.389200000000000301e+01
5.389650000000000318e+01
5.390950000000000131e+01
5.391449999999999676e+01
5.393599999999999994e+01
5.394050000000000011e+01
5.395049999999999812e+01
5.395499999999999829e+01
5.395949999999999847e+01
5.396399999999999864e+01
5.396849999999999881e+01
5.397299999999999898e+01
5.397749999999999915e+01
5.398199999999999932e+01
5.398649999999999949e+01
5.399099999999999966e+01
5.399549999999999983e+01
5.400000000000000000e+01
5.400450000000000017e+01
5.402700000000000102e+01
5.403600000000000136e+01
5.404299999999999926e+01
5.408050000000000068e+01
5.409000000000000341e+01
5.409700000000000131e+01
5.410799999999999699e+01
5.415350000000000108e+01
5.418249999999999744e+01
5.419350000000000023e+01
5.427450000000000330e+01
5.429249999999999687e+01
5.429950000000000188e+01
5.434599999999999653e+01
5.437199999999999989e+01
5.438049999999999784e+01
5.439399999999999835e+01
5.441949999999999932e+01
5.444350000000000023e+01
5.448850000000000193e+01
5.450249999999999773e+01
5.452649999999999864e+01
5.455400000000000205e+01
5.456499999999999773e+01
5.468999999999999773e+01
5.472099999999999653e+01
5.479249999999999687e+01
5.485799999999999699e+01
5.488700000000000045e+01
5.542099999999999937e+01
5.552349999999999852e+01
5.557150000000000034e+01
5.561299999999999955e+01
5.566250000000000142e+01
5.571000000000000085e+01
5.575849999999999795e+01
5.584199999999999875e+01
5.601599999999999824e+01
5.617399999999999949e+01
5.630149999999999721e+01
5.646800000000000352e+01
5.657999999999999829e+01
5.700450000000000017e+01
5.704650000000000176e+01
5.717199999999999704e+01
5.724600000000000222e+01
5.731300000000000239e+01
5.734199999999999875e+01
5.744850000000000279e+01
5.756349999999999767e+01
5.772099999999999653e+01
5.776650000000000063e+01
5.780899999999999750e+01
5.788000000000000256e+01
5.819500000000000028e+01
5.824499999999999744e+01
5.831099999999999994e+01
5.871999999999999886e+01
5.886549999999999727e+01
5.911800000000000210e+01
5.917300000000000182e+01
5.941850000000000165e+01
5.965699999999999648e+01
5.970049999999999812e+01
5.972849999999999682e+01
5.989249999999999829e+01
5.992699999999999960e+01
5.994899999999999807e+01
6.004950000000000188e+01
6.023749999999999716e+01
6.043999999999999773e+01
6.047500000000000142e+01
6.082300000000000040e+01
6.140350000000000108e+01
6.167549999999999955e+01
6.169749999999999801e+01
6.200549999999999784e+01
6.237349999999999994e+01
6.239099999999999824e+01
6.252949999999999875e+01
6.322500000000000142e+01
6.352700000000000102e+01
6.354699999999999704e+01
6.558650000000000091e+01
6.565399999999999636e+01
6.571200000000000330e+01
6.573799999999999955e+01
6.576699999999999591e+01
6.583700000000000330e+01
6.585899999999999466e+01
6.587949999999999307e+01
6.596899999999999409e+01
6.598550000000000182e+01
6.601300000000000523e+01
6.602750000000000341e+01
6.607399999999999807e+01
6.609499999999999886e+01
6.610599999999999454e+01
6.613549999999999329e+01
6.615349999999999397e+01
6.617350000000000421e+01
6.618049999999999500e+01
6.621450000000000102e+01
6.621899999999999409e+01
6.622450000000000614e+01
6.622799999999999443e+01
6.623250000000000171e+01
6.623699999999999477e+01
6.624150000000000205e+01
6.624599999999999511e+01
6.625050000000000239e+01
6.625499999999999545e+01
6.625950000000000273e+01
6.626399999999999579e+01
6.626850000000000307e+01
6.627299999999999613e+01
6.627750000000000341e+01
6.628199999999999648e+01
6.628650000000000375e+01
6.629099999999999682e+01
6.629550000000000409e+01
6.629999999999999716e+01
6.630599999999999739e+01
6.632599999999999341e+01
6.633899999999999864e+01
6.634499999999999886e+01
6.634950000000000614e+01
6.635399999999999920e+01
6.636150000000000659e+01
6.636599999999999966e+01
6.637050000000000693e+01
6.637500000000000000e+01
6.637949999999999307e+01
6.638400000000000034e+01
6.638849999999999341e+01
6.639300000000000068e+01
6.639749999999999375e+01
6.640049999999999386e+01
6.641100000000000136e+01
6.641549999999999443e+01
6.642000000000000171e+01
6.642449999999999477e+01
6.642900000000000205e+01
6.643349999999999511e+01
6.643800000000000239e+01
6.644249999999999545e+01
6.644700000000000273e+01
6.645149999999999579e+01
6.645600000000000307e+01
6.646049999999999613e+01
6.646500000000000341e+01
6.646949999999999648e+01
6.647400000000000375e+01
6.647950000000000159e+01
6.649299999999999500e+01
6.650000000000000000e+01
6.650600000000000023e+01
6.655549999999999500e+01
6.656399999999999295e+01
6.657150000000000034e+01
6.657800000000000296e+01
6.662250000000000227e+01
6.666100000000000136e+01
6.666649999999999920e+01
6.668399999999999750e+01
6.669799999999999329e+01
6.673149999999999693e+01
6.674049999999999727e+01
6.674649999999999750e+01
6.677100000000000080e+01
6.679000000000000625e+01
6.679900000000000659e+01
6.680599999999999739e+01
6.684950000000000614e+01
6.685550000000000637e+01
6.687550000000000239e+01
6.688450000000000273e+01
6.689149999999999352e+01
6.693750000000000000e+01
6.701049999999999329e+01
6.705049999999999955e+01
6.705800000000000693e+01
6.706900000000000261e+01
6.709149999999999636e+01
6.709850000000000136e+01
6.710949999999999704e+01
6.713200000000000500e+01
6.718550000000000466e+01
6.719599999999999795e+01
6.721500000000000341e+01
6.725249999999999773e+01
6.726449999999999818e+01
6.727549999999999386e+01
6.734099999999999397e+01
6.735200000000000387e+01
6.743500000000000227e+01
6.747549999999999670e+01
6.748799999999999955e+01
6.750449999999999307e+01
6.755450000000000443e+01
6.757250000000000512e+01
6.765649999999999409e+01
6.775650000000000261e+01
6.837649999999999295e+01
6.842749999999999488e+01
6.868049999999999500e+01
6.884799999999999898e+01
6.905049999999999955e+01
6.908799999999999386e+01
6.912900000000000489e+01
6.927349999999999852e+01
6.945650000000000546e+01
6.959250000000000114e+01
6.975400000000000489e+01
6.985550000000000637e+01
6.988400000000000034e+01
7.005450000000000443e+01
7.009099999999999397e+01
7.033650000000000091e+01
7.054900000000000659e+01
7.059799999999999898e+01
7.077400000000000091e+01
7.080549999999999500e+01
7.102649999999999864e+01
7.105549999999999500e+01
7.110399999999999920e+01
7.128050000000000352e+01
7.132099999999999795e+01
7.134850000000000136e+01
7.168250000000000455e+01
7.177450000000000330e+01
7.218750000000000000e+01
7.238049999999999784e+01
7.241299999999999670e+01
7.261050000000000182e+01
7.300050000000000239e+01
7.335450000000000159e+01
7.338249999999999318e+01
7.369499999999999318e+01
7.384199999999999875e+01
7.389700000000000557e+01
7.392050000000000409e+01
7.476300000000000523e+01
7.479550000000000409e+01
7.482949999999999591e+01
7.498850000000000193e+01
7.499750000000000227e+01
7.555700000000000216e+01
7.571500000000000341e+01
7.615649999999999409e+01
7.646500000000000341e+01
7.691649999999999920e+01
7.694050000000000011e+01
7.755649999999999977e+01
7.780700000000000216e+01
7.808950000000000102e+01
7.832649999999999579e+01
7.852649999999999864e+01
7.855899999999999750e+01
7.887900000000000489e+01
8.062099999999999511e+01
8.066249999999999432e+01
8.077649999999999864e+01
8.081799999999999784e+01
8.088899999999999579e+01
8.090300000000000580e+01
8.093099999999999739e+01
8.094400000000000261e+01
8.096450000000000102e+01
8.101800000000000068e+01
8.103600000000000136e+01
8.107200000000000273e+01
8.108100000000000307e+01
8.108899999999999864e+01
8.110250000000000625e+01
8.111450000000000671e+01
8.112850000000000250e+01
8.114050000000000296e+01
8.114700000000000557e+01
8.115949999999999420e+01
8.116400000000000148e+01
8.116849999999999454e+01
8.118000000000000682e+01
8.118449999999999989e+01
8.118899999999999295e+01
8.119350000000000023e+01
8.119799999999999329e+01
8.120250000000000057e+01
8.120699999999999363e+01
8.121150000000000091e+01
8.121599999999999397e+01
8.122050000000000125e+01
8.122499999999999432e+01
8.122950000000000159e+01
8.123399999999999466e+01
8.123850000000000193e+01
8.124299999999999500e+01
8.124750000000000227e+01
8.125199999999999534e+01
8.125650000000000261e+01
8.126099999999999568e+01
8.126550000000000296e+01
8.126999999999999602e+01
8.127450000000000330e+01
8.127899999999999636e+01
8.128449999999999420e+01
8.128900000000000148e+01
8.129349999999999454e+01
8.129800000000000182e+01
8.130249999999999488e+01
8.130700000000000216e+01
8.131149999999999523e+01
8.131600000000000250e+01
8.132049999999999557e+01
8.132500000000000284e+01
8.132949999999999591e+01
8.133400000000000318e+01
8.133849999999999625e+01
8.134300000000000352e+01
8.134749999999999659e+01
8.135200000000000387e+01
8.135649999999999693e+01
8.138249999999999318e+01
8.140449999999999875e+01
8.141100000000000136e+01
8.144100000000000250e+01
8.144950000000000045e+01
8.145449999999999591e+01
8.146349999999999625e+01
8.148099999999999454e+01
8.149500000000000455e+01
8.152649999999999864e+01
8.153549999999999898e+01
8.154449999999999932e+01
8.156850000000000023e+01
8.158299999999999841e+01
8.160699999999999932e+01
8.162500000000000000e+01
8.167549999999999955e+01
8.168550000000000466e+01
8.169100000000000250e+01
8.171099999999999852e+01
8.171999999999999886e+01
8.173699999999999477e+01
8.175600000000000023e+01
8.176300000000000523e+01
8.179200000000000159e+01
8.179900000000000659e+01
8.181000000000000227e+01
8.182599999999999341e+01
8.183700000000000330e+01
8.184600000000000364e+01
8.185399999999999920e+01
8.186400000000000432e+01
8.187449999999999761e+01
8.193149999999999977e+01
8.197199999999999420e+01
8.197950000000000159e+01
8.198999999999999488e+01
8.201049999999999329e+01
8.202150000000000318e+01
8.207750000000000057e+01
8.209000000000000341e+01
8.210399999999999920e+01
8.211849999999999739e+01
8.213049999999999784e+01
8.214050000000000296e+01
8.215349999999999397e+01
8.217799999999999727e+01
8.219199999999999307e+01
8.223950000000000671e+01
8.226349999999999341e+01
8.228849999999999909e+01
8.231550000000000011e+01
8.232949999999999591e+01
8.234250000000000114e+01
8.235850000000000648e+01
8.240600000000000591e+01
8.242149999999999466e+01
8.243800000000000239e+01
8.251200000000000045e+01
8.253249999999999886e+01
8.259149999999999636e+01
8.310599999999999454e+01
8.315699999999999648e+01
8.321150000000000091e+01
8.344750000000000512e+01
8.367600000000000193e+01
8.373199999999999932e+01
8.386400000000000432e+01
8.390049999999999386e+01
8.413150000000000261e+01
8.417050000000000409e+01
8.431650000000000489e+01
8.443149999999999977e+01
8.449800000000000466e+01
8.458350000000000080e+01
8.465749999999999886e+01
8.480049999999999955e+01
8.528449999999999420e+01
8.544150000000000489e+01
8.549649999999999750e+01
8.781350000000000477e+01
8.790000000000000568e+01
8.803700000000000614e+01
8.809099999999999397e+01
8.816049999999999898e+01
8.824649999999999750e+01
8.828950000000000387e+01
8.832949999999999591e+01
8.836100000000000421e+01
8.851149999999999807e+01
8.854550000000000409e+01
8.857750000000000057e+01
8.868600000000000705e+01
8.871750000000000114e+01
8.880649999999999977e+01
8.921150000000000091e+01
8.951949999999999363e+01
8.974750000000000227e+01
9.039849999999999852e+01
9.047150000000000603e+01
9.070000000000000284e+01
9.087600000000000477e+01
9.119350000000000023e+01
9.145900000000000318e+01
9.151049999999999329e+01
9.163400000000000034e+01
9.211400000000000432e+01
9.236599999999999966e+01
9.240399999999999636e+01
9.258499999999999375e+01
9.263150000000000261e+01
9.267449999999999477e+01
9.293000000000000682e+01
9.305599999999999739e+01
9.319849999999999568e+01
9.349349999999999739e+01
9.374399999999999977e+01
9.412050000000000693e+01
9.415699999999999648e+01
9.419700000000000273e+01
9.455949999999999989e+01
9.459650000000000603e+01
9.484000000000000341e+01
9.486249999999999716e+01
9.497750000000000625e+01
9.502899999999999636e+01
9.520199999999999818e+01
9.524599999999999511e+01
9.528499999999999659e+01
9.542749999999999488e+01
9.552599999999999625e+01
9.556600000000000250e+01
9.580800000000000693e+01
9.602450000000000330e+01
9.603650000000000375e+01
9.605949999999999989e+01
9.685450000000000159e+01
9.694249999999999545e+01
9.741750000000000398e+01
9.747249999999999659e+01
9.755049999999999955e+01
9.763249999999999318e+01
9.807699999999999818e+01
9.813299999999999557e+01
9.848950000000000671e+01
9.861549999999999727e+01
9.879349999999999454e+01
9.882049999999999557e+01
9.890999999999999659e+01
9.901149999999999807e+01
9.910649999999999693e+01
9.915449999999999875e+01
9.953849999999999909e+01
9.958299999999999841e+01
9.970250000000000057e+01
9.988400000000000034e+01
9.992600000000000193e+01
1.003289999999999935e+02
1.004869999999999948e+02
1.007429999999999950e+02
1.008160000000000025e+02
1.008919999999999959e+02
1.009069999999999965e+02
1.011029999999999944e+02
1.013319999999999936e+02
1.016640000000000015e+02
1.016889999999999930e+02
1.017339999999999947e+02
1.018379999999999939e+02
1.020349999999999966e+02
1.023389999999999986e+02
1.024560000000000031e+02
1.024789999999999992e+02
1.026209999999999951e+02
1.028829999999999956e+02
1.029639999999999986e+02
1.029860000000000042e+02
1.038110000000000070e+02
1.039219999999999970e+02
1.039560000000000031e+02
1.042560000000000002e+02
1.043850000000000051e+02
1.046599999999999966e+02
1.046869999999999976e+02
1.048640000000000043e+02
1.051039999999999992e+02
1.051539999999999964e+02
1.053379999999999939e+02
1.054270000000000067e+02
1.058059999999999974e+02
1.058400000000000034e+02
1.059440000000000026e+02
1.061830000000000069e+02
1.062770000000000010e+02
1.063709999999999951e+02
1.064120000000000061e+02
1.067439999999999998e+02
1.067770000000000010e+02
1.068020000000000067e+02
1.069200000000000017e+02
1.075999999999999943e+02
1.077990000000000066e+02
1.095669999999999931e+02
1.095960000000000036e+02
1.096179999999999950e+02
1.096770000000000067e+02
1.097069999999999936e+02
1.097500000000000000e+02
1.097609999999999957e+02
1.098059999999999974e+02
1.098199999999999932e+02
1.098280000000000030e+02
1.098319999999999936e+02
1.098499999999999943e+02
1.098629999999999995e+02
1.098670000000000044e+02
1.098739999999999952e+02
1.098810000000000002e+02
1.098919999999999959e+02
1.099060000000000059e+02
1.099180000000000064e+02
1.099579999999999984e+02
1.099650000000000034e+02
1.099710000000000036e+02
1.099789999999999992e+02
1.099869999999999948e+02
1.099920000000000044e+02
1.100000000000000000e+02
1.100130000000000052e+02
1.100589999999999975e+02
1.100889999999999986e+02
1.101029999999999944e+02
1.101119999999999948e+02
1.101260000000000048e+02
1.101350000000000051e+02
1.101580000000000013e+02
1.101629999999999967e+02
1.101730000000000018e+02
1.101800000000000068e+02
1.101839999999999975e+02
1.101889999999999930e+02
1.101970000000000027e+02
1.102019999999999982e+02
1.102060000000000031e+02
1.102109999999999985e+02
1.102150000000000034e+02
1.102199999999999989e+02
1.102240000000000038e+02
1.102289999999999992e+02
1.102330000000000041e+02
1.102379999999999995e+02
1.102420000000000044e+02
1.102469999999999999e+02
1.102510000000000048e+02
1.102560000000000002e+02
1.102600000000000051e+02
1.102650000000000006e+02
1.102690000000000055e+02
1.102740000000000009e+02
1.102780000000000058e+02
1.102830000000000013e+02
1.102870000000000061e+02
1.102900000000000063e+02
1.102939999999999969e+02
1.102990000000000066e+02
1.103029999999999973e+02
1.103280000000000030e+02
1.103329999999999984e+02
1.103479999999999990e+02
1.103520000000000039e+02
1.103569999999999993e+02
1.103610000000000042e+02
1.103659999999999997e+02
1.103700000000000045e+02
1.103750000000000000e+02
1.103790000000000049e+02
1.103840000000000003e+02
1.103880000000000052e+02
1.103930000000000007e+02
1.104090000000000060e+02
1.104140000000000015e+02
1.104180000000000064e+02
1.104230000000000018e+02
1.104360000000000070e+02
1.104449999999999932e+02
1.104539999999999935e+02
1.104609999999999985e+02
1.104719999999999942e+02
1.104809999999999945e+02
1.104899999999999949e+02
1.105000000000000000e+02
1.105310000000000059e+02
1.105619999999999976e+02
1.105919999999999987e+02
1.106029999999999944e+02
1.106250000000000000e+02
1.106460000000000008e+02
1.106569999999999965e+02
1.106700000000000017e+02
1.107150000000000034e+02
1.107489999999999952e+02
1.107609999999999957e+02
1.107729999999999961e+02
1.108179999999999978e+02
1.108709999999999951e+02
1.108970000000000056e+02
1.109080000000000013e+02
1.109219999999999970e+02
1.109479999999999933e+02
1.109759999999999991e+02
1.109920000000000044e+02
1.110240000000000009e+02
1.110780000000000030e+02
1.110949999999999989e+02
1.111350000000000051e+02
1.118970000000000056e+02
1.119339999999999975e+02
1.119830000000000041e+02
1.121290000000000049e+02
1.122639999999999958e+02
1.123089999999999975e+02
1.123629999999999995e+02
1.124050000000000011e+02
1.126539999999999964e+02
1.128190000000000026e+02
1.130690000000000026e+02
1.134980000000000047e+02
1.135360000000000014e+02
1.138490000000000038e+02
1.140040000000000049e+02
1.140660000000000025e+02
1.141650000000000063e+02
1.142390000000000043e+02
1.143930000000000007e+02
1.144569999999999936e+02
1.145139999999999958e+02
1.146230000000000047e+02
1.146989999999999981e+02
1.147999999999999972e+02
1.149000000000000057e+02
1.150780000000000030e+02
1.151869999999999976e+02
1.153739999999999952e+02
1.155789999999999935e+02
1.158709999999999951e+02
1.159369999999999976e+02
1.159579999999999984e+02
1.162699999999999960e+02
1.164929999999999950e+02
1.169770000000000039e+02
1.170849999999999937e+02
1.172500000000000000e+02
1.172710000000000008e+02
1.174210000000000065e+02
1.174879999999999995e+02
1.176640000000000015e+02
1.176800000000000068e+02
1.184500000000000028e+02
1.187660000000000053e+02
1.211770000000000067e+02
1.212319999999999993e+02
1.212830000000000013e+02
1.213289999999999935e+02
1.213520000000000039e+02
1.213709999999999951e+02
1.213900000000000006e+02
1.214080000000000013e+02
1.214419999999999931e+02
1.214719999999999942e+02
1.215210000000000008e+02
1.215340000000000060e+02
1.215769999999999982e+02
1.215840000000000032e+02
1.215949999999999989e+02
1.216119999999999948e+02
1.216239999999999952e+02
1.216509999999999962e+02
1.216760000000000019e+02
1.216979999999999933e+02
1.217189999999999941e+02
1.217240000000000038e+02
1.217279999999999944e+02
1.217339999999999947e+02
1.217390000000000043e+02
1.217429999999999950e+02
1.217480000000000047e+02
1.217519999999999953e+02
1.217570000000000050e+02
1.217609999999999957e+02
1.217660000000000053e+02
1.217699999999999960e+02
1.217750000000000057e+02
1.217789999999999964e+02
1.217840000000000060e+02
1.217879999999999967e+02
1.217930000000000064e+02
1.217969999999999970e+02
1.218020000000000067e+02
1.218059999999999974e+02
1.218110000000000070e+02
1.218239999999999981e+02
1.218310000000000031e+02
1.218539999999999992e+02
1.218610000000000042e+02
1.218659999999999997e+02
1.218709999999999951e+02
1.218739999999999952e+02
1.218790000000000049e+02
1.218829999999999956e+02
1.218880000000000052e+02
1.218919999999999959e+02
1.218970000000000056e+02
1.219009999999999962e+02
1.219060000000000059e+02
1.219230000000000018e+02
1.219290000000000020e+02
1.219339999999999975e+02
1.219440000000000026e+02
1.219489999999999981e+02
1.219530000000000030e+02
1.219579999999999984e+02
1.219620000000000033e+02
1.219669999999999987e+02
1.219710000000000036e+02
1.219759999999999991e+02
1.219800000000000040e+02
1.219860000000000042e+02
1.219909999999999997e+02
1.219950000000000045e+02
1.220000000000000000e+02
1.220040000000000049e+02
1.220090000000000003e+02
1.220150000000000006e+02
1.220490000000000066e+02
1.220649999999999977e+02
1.220709999999999980e+02
1.220810000000000031e+02
1.220900000000000034e+02
1.220979999999999990e+02
1.221129999999999995e+02
1.221209999999999951e+02
1.221440000000000055e+02
1.221520000000000010e+02
1.221659999999999968e+02
1.221899999999999977e+02
1.221989999999999981e+02
1.222069999999999936e+02
1.222139999999999986e+02
1.222469999999999999e+02
1.222560000000000002e+02
1.222650000000000006e+02
1.222720000000000056e+02
1.223059999999999974e+02
1.223460000000000036e+02
1.223619999999999948e+02
1.223760000000000048e+02
1.223870000000000005e+02
1.224030000000000058e+02
1.224300000000000068e+02
1.224500000000000028e+02
1.224569999999999936e+02
1.224680000000000035e+02
1.224779999999999944e+02
1.224839999999999947e+02
1.224950000000000045e+02
1.225160000000000053e+02
1.225240000000000009e+02
1.225349999999999966e+02
1.225460000000000065e+02
1.225580000000000069e+02
1.225649999999999977e+02
1.225759999999999934e+02
1.225979999999999990e+02
1.226299999999999955e+02
1.226700000000000017e+02
1.226820000000000022e+02
1.227429999999999950e+02
1.227519999999999953e+02
1.227669999999999959e+02
1.227890000000000015e+02
1.228020000000000067e+02
1.228289999999999935e+02
1.228430000000000035e+02
1.228679999999999950e+02
1.228810000000000002e+02
1.229060000000000059e+02
1.229300000000000068e+02
1.229440000000000026e+02
1.229549999999999983e+02
1.229959999999999951e+02
1.230430000000000064e+02
1.230589999999999975e+02
1.230909999999999940e+02
1.231940000000000026e+02
1.232189999999999941e+02
1.232480000000000047e+02
1.237469999999999999e+02
1.237699999999999960e+02
1.238139999999999930e+02
1.239749999999999943e+02
1.240660000000000025e+02
1.241700000000000017e+02
1.243670000000000044e+02
1.244120000000000061e+02
1.244689999999999941e+02
1.245490000000000066e+02
1.248520000000000039e+02
1.249260000000000019e+02
1.250699999999999932e+02
1.251099999999999994e+02
1.253719999999999999e+02
1.254320000000000022e+02
1.258490000000000038e+02
1.258949999999999960e+02
1.259749999999999943e+02
1.262270000000000039e+02
1.264519999999999982e+02
1.264819999999999993e+02
1.265210000000000008e+02
1.268419999999999987e+02
1.268850000000000051e+02
1.269120000000000061e+02
1.270540000000000020e+02
1.274560000000000031e+02
1.275529999999999973e+02
1.278569999999999993e+02
1.280509999999999877e+02
1.280929999999999893e+02
1.281289999999999907e+02
1.282949999999999875e+02
1.284890000000000043e+02
1.287340000000000089e+02
1.288760000000000048e+02
1.293489999999999895e+02
1.295219999999999914e+02
1.299250000000000114e+02
1.301169999999999902e+02
1.301390000000000100e+02
1.304199999999999875e+02
1.307009999999999934e+02
1.310349999999999966e+02
1.313499999999999943e+02
1.313770000000000095e+02
1.316380000000000052e+02
1.317290000000000134e+02
1.320560000000000116e+02
1.320769999999999982e+02
1.322439999999999998e+02
1.328389999999999986e+02
1.346630000000000109e+02
1.346959999999999980e+02
1.347810000000000059e+02
1.348060000000000116e+02
1.348269999999999982e+02
1.348509999999999991e+02
1.349300000000000068e+02
1.349650000000000034e+02
1.349970000000000141e+02
1.350130000000000052e+02
1.350380000000000109e+02
1.350500000000000114e+02
1.350629999999999882e+02
1.350689999999999884e+02
1.350819999999999936e+02
1.351020000000000039e+02
1.351129999999999995e+02
1.351440000000000055e+02
1.351529999999999916e+02
1.351790000000000020e+02
1.351889999999999930e+02
1.351980000000000075e+02
1.352069999999999936e+02
1.352150000000000034e+02
1.352199999999999989e+02
1.352249999999999943e+02
1.352299999999999898e+02
1.352340000000000089e+02
1.352390000000000043e+02
1.352470000000000141e+02
1.352510000000000048e+02
1.352560000000000002e+02
1.352599999999999909e+02
1.352649999999999864e+02
1.352690000000000055e+02
1.352740000000000009e+02
1.352779999999999916e+02
1.352829999999999870e+02
1.352870000000000061e+02
1.352920000000000016e+02
1.352959999999999923e+02
1.353009999999999877e+02
1.353050000000000068e+02
1.353100000000000023e+02
1.353139999999999930e+02
1.353189999999999884e+02
1.353230000000000075e+02
1.353269999999999982e+02
1.353319999999999936e+02
1.353369999999999891e+02
1.353410000000000082e+02
1.353540000000000134e+02
1.353600000000000136e+02
1.353710000000000093e+02
1.353899999999999864e+02
1.353950000000000102e+02
1.354000000000000057e+02
1.354050000000000011e+02
1.354099999999999966e+02
1.354139999999999873e+02
1.354190000000000111e+02
1.354230000000000018e+02
1.354279999999999973e+02
1.354319999999999879e+02
1.354370000000000118e+02
1.354410000000000025e+02
1.354459999999999980e+02
1.354499999999999886e+02
1.354550000000000125e+02
1.354590000000000032e+02
1.354639999999999986e+02
1.354679999999999893e+02
1.354720000000000084e+02
1.354819999999999993e+02
1.354950000000000045e+02
1.355000000000000000e+02
1.355080000000000098e+02
1.355209999999999866e+02
1.355420000000000016e+02
1.355500000000000114e+02
1.355579999999999927e+02
1.355720000000000027e+02
1.355809999999999889e+02
1.355889999999999986e+02
1.356030000000000086e+02
1.356260000000000048e+02
1.356349999999999909e+02
1.356490000000000009e+02
1.356659999999999968e+02
1.356800000000000068e+02
1.357030000000000030e+02
1.357110000000000127e+02
1.357179999999999893e+02
1.357520000000000095e+02
1.357609999999999957e+02
1.357659999999999911e+02
1.358009999999999877e+02
1.358100000000000023e+02
1.358170000000000073e+02
1.358360000000000127e+02
1.358429999999999893e+02
1.359540000000000077e+02
1.359629999999999939e+02
1.359919999999999902e+02
1.360029999999999859e+02
1.360130000000000052e+02
1.360310000000000059e+02
1.360759999999999934e+02
1.361160000000000139e+02
1.361229999999999905e+02
1.361339999999999861e+02
1.361550000000000011e+02
1.361800000000000068e+02
1.361939999999999884e+02
1.362050000000000125e+02
1.362280000000000086e+02
1.362410000000000139e+02
1.362839999999999918e+02
1.363240000000000123e+02
1.363629999999999995e+02
1.363880000000000052e+02
1.363969999999999914e+02
1.364110000000000014e+02
1.364209999999999923e+02
1.364639999999999986e+02
1.365250000000000057e+02
1.371970000000000027e+02
1.374919999999999902e+02
1.376169999999999902e+02
1.376560000000000059e+02
1.377450000000000045e+02
1.378919999999999959e+02
1.379240000000000066e+02
1.379799999999999898e+02
1.380300000000000011e+02
1.381920000000000073e+02
1.384799999999999898e+02
1.385209999999999866e+02
1.387899999999999920e+02
1.388979999999999961e+02
1.390130000000000052e+02
1.390819999999999936e+02
1.391730000000000018e+02
1.392110000000000127e+02
1.392700000000000102e+02
1.394339999999999975e+02
1.395240000000000009e+02
1.396529999999999916e+02
1.396759999999999877e+02
1.397529999999999859e+02
1.398269999999999982e+02
1.399350000000000023e+02
1.400459999999999923e+02
1.401999999999999886e+02
1.402220000000000084e+02
1.405149999999999864e+02
1.405759999999999934e+02
1.407779999999999916e+02
1.408189999999999884e+02
1.411500000000000057e+02
1.411959999999999980e+02
1.413350000000000080e+02
1.415689999999999884e+02
1.417460000000000093e+02
1.417849999999999966e+02
1.418230000000000075e+02
1.422270000000000039e+02
1.422479999999999905e+02
1.425500000000000114e+02
1.426030000000000086e+02
1.426370000000000005e+02
1.427199999999999989e+02
1.428990000000000009e+02
1.430749999999999886e+02
1.430970000000000084e+02
1.433220000000000027e+02
1.435250000000000057e+02
1.436999999999999886e+02
1.437249999999999943e+02
1.442609999999999957e+02
1.443129999999999882e+02
1.449099999999999966e+02
1.450089999999999861e+02
1.450310000000000059e+02
1.471150000000000091e+02
1.471800000000000068e+02
1.472100000000000080e+02
1.472669999999999959e+02
1.473650000000000091e+02
1.473870000000000005e+02
1.474099999999999966e+02
1.474509999999999934e+02
1.474710000000000036e+02
1.475060000000000002e+02
1.475540000000000020e+02
1.475680000000000121e+02
1.475920000000000130e+02
1.476020000000000039e+02
1.476450000000000102e+02
1.476769999999999925e+02
1.476839999999999975e+02
1.476949999999999932e+02
1.477170000000000130e+02
1.477239999999999895e+02
1.477290000000000134e+02
1.477350000000000136e+02
1.477410000000000139e+02
1.477489999999999952e+02
1.477529999999999859e+02
1.477580000000000098e+02
1.477620000000000005e+02
1.477659999999999911e+02
1.477709999999999866e+02
1.477750000000000057e+02
1.477800000000000011e+02
1.477839999999999918e+02
1.477889999999999873e+02
1.477930000000000064e+02
1.477980000000000018e+02
1.478019999999999925e+02
1.478069999999999879e+02
1.478110000000000070e+02
1.478160000000000025e+02
1.478199999999999932e+02
1.478249999999999886e+02
1.478290000000000077e+02
1.478340000000000032e+02
1.478379999999999939e+02
1.478429999999999893e+02
1.478480000000000132e+02
1.478520000000000039e+02
1.478569999999999993e+02
1.478609999999999900e+02
1.478760000000000048e+02
1.478839999999999861e+02
1.478880000000000052e+02
1.478930000000000007e+02
1.478969999999999914e+02
1.479019999999999868e+02
1.479060000000000059e+02
1.479110000000000014e+02
1.479149999999999920e+02
1.479199999999999875e+02
1.479240000000000066e+02
1.479290000000000020e+02
1.479329999999999927e+02
1.479379999999999882e+02
1.479420000000000073e+02
1.479459999999999980e+02
1.479499999999999886e+02
1.479550000000000125e+02
1.479600000000000080e+02
1.479650000000000034e+02
1.479960000000000093e+02
1.480159999999999911e+02
1.480320000000000107e+02
1.480459999999999923e+02
1.480589999999999975e+02
1.481030000000000086e+02
1.481250000000000000e+02
1.481469999999999914e+02
1.481790000000000020e+02
1.482019999999999982e+02
1.482199999999999989e+02
1.482259999999999991e+02
1.482510000000000048e+02
1.482930000000000064e+02
1.483019999999999925e+02
1.483180000000000121e+02
1.483329999999999984e+02
1.483429999999999893e+02
1.483520000000000039e+02
1.483580000000000041e+02
1.483830000000000098e+02
1.483919999999999959e+02
1.484010000000000105e+02
1.484079999999999870e+02
1.484269999999999925e+02
1.484370000000000118e+02
1.484459999999999980e+02
1.484530000000000030e+02
1.484639999999999986e+02
1.484730000000000132e+02
1.484819999999999993e+02
1.485000000000000000e+02
1.485159999999999911e+02
1.485269999999999868e+02
1.485540000000000020e+02
1.485610000000000070e+02
1.485720000000000027e+02
1.486129999999999995e+02
1.486529999999999916e+02
1.486599999999999966e+02
1.486709999999999923e+02
1.486920000000000073e+02
1.487030000000000030e+02
1.487330000000000041e+02
1.487410000000000139e+02
1.487539999999999907e+02
1.487760000000000105e+02
1.487899999999999920e+02
1.488029999999999973e+02
1.488170000000000073e+02
1.488549999999999898e+02
1.488789999999999907e+02
1.488940000000000055e+02
1.489079999999999870e+02
1.489319999999999879e+02
1.489459999999999980e+02
1.489579999999999984e+02
1.489720000000000084e+02
1.490089999999999861e+02
1.490229999999999961e+02
1.490380000000000109e+02
1.491839999999999975e+02
1.492410000000000139e+02
1.498019999999999925e+02
1.500250000000000057e+02
1.501579999999999870e+02
1.502709999999999866e+02
1.503180000000000121e+02
1.503590000000000089e+02
1.505289999999999964e+02
1.505680000000000121e+02
1.506430000000000007e+02
1.509739999999999895e+02
1.510140000000000100e+02
1.510509999999999877e+02
1.512350000000000136e+02
1.513779999999999859e+02
1.514139999999999873e+02
1.516179999999999950e+02
1.516810000000000116e+02
1.517969999999999970e+02
1.521030000000000086e+02
1.521399999999999864e+02
1.522019999999999982e+02
1.522319999999999993e+02
1.524519999999999982e+02
1.525399999999999920e+02
1.525860000000000127e+02
1.528460000000000036e+02
1.529600000000000080e+02
1.530869999999999891e+02
1.534430000000000121e+02
1.536299999999999955e+02
1.537210000000000036e+02
1.537450000000000045e+02
1.540540000000000020e+02
1.546390000000000100e+02
1.546790000000000020e+02
1.548990000000000009e+02
1.549240000000000066e+02
1.551539999999999964e+02
1.553669999999999902e+02
1.555039999999999907e+02
1.557450000000000045e+02
1.557889999999999873e+02
1.561810000000000116e+02
1.562230000000000132e+02
1.581100000000000136e+02
1.582549999999999955e+02
1.583449999999999989e+02
1.583950000000000102e+02
1.584180000000000064e+02
1.584639999999999986e+02
1.585300000000000011e+02
1.585490000000000066e+02
1.585689999999999884e+02
1.586109999999999900e+02
1.586479999999999961e+02
1.587439999999999998e+02
1.588040000000000020e+02
1.588189999999999884e+02
1.590349999999999966e+02
1.592769999999999868e+02
1.593139999999999930e+02
1.597299999999999898e+02
1.597779999999999916e+02
1.598050000000000068e+02
1.600080000000000098e+02
1.600130000000000052e+02
1.600169999999999959e+02
1.600219999999999914e+02
1.600260000000000105e+02
1.600310000000000059e+02
1.600349999999999966e+02
1.600399999999999920e+02
1.600469999999999970e+02
1.600509999999999877e+02
1.600579999999999927e+02
1.600649999999999977e+02
1.600980000000000132e+02
1.601659999999999968e+02
1.602520000000000095e+02
1.602719999999999914e+02
1.603100000000000023e+02
1.603650000000000091e+02
1.603820000000000050e+02
1.604139999999999873e+02
1.604300000000000068e+02
1.604459999999999980e+02
1.604590000000000032e+02
1.604819999999999993e+02
1.604950000000000045e+02
1.605279999999999916e+02
1.605589999999999975e+02
1.605900000000000034e+02
1.606310000000000002e+02
1.606399999999999864e+02
1.606579999999999870e+02
1.606670000000000016e+02
1.606740000000000066e+02
1.606839999999999975e+02
1.606930000000000121e+02
1.607009999999999934e+02
1.607079999999999984e+02
1.607160000000000082e+02
1.607299999999999898e+02
1.607379999999999995e+02
1.607740000000000009e+02
1.607810000000000059e+02
1.607940000000000111e+02
1.608060000000000116e+02
1.608209999999999980e+02
1.608549999999999898e+02
1.608669999999999902e+02
1.608830000000000098e+02
1.608969999999999914e+02
1.609050000000000011e+02
1.609130000000000109e+02
1.609360000000000070e+02
1.609410000000000025e+02
1.609730000000000132e+02
1.610120000000000005e+02
1.610269999999999868e+02
1.610349999999999966e+02
1.610409999999999968e+02
1.610500000000000114e+02
1.610579999999999927e+02
1.610649999999999977e+02
1.610980000000000132e+02
1.611080000000000041e+02
1.611169999999999902e+02
1.611239999999999952e+02
1.611579999999999870e+02
1.611659999999999968e+02
1.611730000000000018e+02
1.612340000000000089e+02
1.612429999999999950e+02
1.612500000000000000e+02
1.612700000000000102e+02
1.613060000000000116e+02
1.613129999999999882e+02
1.613329999999999984e+02
1.613410000000000082e+02
1.613509999999999991e+02
1.613909999999999911e+02
1.614019999999999868e+02
1.614310000000000116e+02
1.614389999999999930e+02
1.614499999999999886e+02
1.614699999999999989e+02
1.614809999999999945e+02
1.615039999999999907e+02
1.615120000000000005e+02
1.615349999999999966e+02
1.615649999999999977e+02
1.616140000000000043e+02
1.616510000000000105e+02
1.616649999999999920e+02
1.617170000000000130e+02
1.617439999999999998e+02
1.617709999999999866e+02
1.617829999999999870e+02
1.617969999999999970e+02
1.618650000000000091e+02
1.618810000000000002e+02
1.619290000000000020e+02
1.619470000000000027e+02
1.620329999999999870e+02
1.700279999999999916e+02
1.707500000000000000e+02
1.711930000000000121e+02
1.720260000000000105e+02
1.726419999999999959e+02
1.728230000000000075e+02
1.728760000000000048e+02
1.729240000000000066e+02
1.729859999999999900e+02
1.730240000000000009e+02
1.730560000000000116e+02
1.731009999999999991e+02
1.731779999999999973e+02
1.732669999999999959e+02
1.733009999999999877e+02
1.734010000000000105e+02
1.734410000000000025e+02
1.734720000000000084e+02
1.735099999999999909e+02
1.735409999999999968e+02
1.740889999999999986e+02
1.741150000000000091e+02
1.741440000000000055e+02
1.741810000000000116e+02
1.742090000000000032e+02
1.742410000000000139e+02
1.744339999999999975e+02
1.744629999999999939e+02
1.745509999999999877e+02
1.746049999999999898e+02
1.746339999999999861e+02
1.746620000000000061e+02
1.747510000000000048e+02
1.748129999999999882e+02
1.748750000000000000e+02
1.749060000000000059e+02
1.749439999999999884e+02
1.749710000000000036e+02
1.750900000000000034e+02
1.751229999999999905e+02
1.752069999999999936e+02
1.752369999999999948e+02
1.753449999999999989e+02
1.754300000000000068e+02
1.777359999999999900e+02
1.777700000000000102e+02
1.778810000000000002e+02
1.779339999999999975e+02
1.779569999999999936e+02
1.779780000000000086e+02
1.780229999999999961e+02
1.780589999999999975e+02
1.780769999999999982e+02
1.780929999999999893e+02
1.781200000000000045e+02
1.781330000000000098e+02
1.781699999999999875e+02
1.781769999999999925e+02
1.781879999999999882e+02
1.781949999999999932e+02
1.782059999999999889e+02
1.782340000000000089e+02
1.782690000000000055e+02
1.782779999999999916e+02
1.783000000000000114e+02
1.783120000000000118e+02
1.783259999999999934e+02
1.783839999999999861e+02
1.784029999999999916e+02
1.784079999999999870e+02
1.784290000000000020e+02
1.784370000000000118e+02
1.784439999999999884e+02
1.784650000000000034e+02
1.784699999999999989e+02
1.784780000000000086e+02
1.784919999999999902e+02
1.785070000000000050e+02
1.785130000000000052e+02
1.785209999999999866e+02
1.785519999999999925e+02
1.785689999999999884e+02
1.785749999999999886e+02
1.785840000000000032e+02
1.785929999999999893e+02
1.786150000000000091e+02
1.786239999999999952e+02
1.786330000000000098e+02
1.786490000000000009e+02
1.786819999999999879e+02
1.787009999999999934e+02
1.787069999999999936e+02
1.787410000000000139e+02
1.787500000000000000e+02
1.787589999999999861e+02
1.787649999999999864e+02
1.788269999999999982e+02
1.788360000000000127e+02
1.788429999999999893e+02
1.788629999999999995e+02
1.788959999999999866e+02
1.789770000000000039e+02
1.789890000000000043e+02
1.789979999999999905e+02
1.790289999999999964e+02
1.790399999999999920e+02
1.790589999999999975e+02
1.790699999999999932e+02
1.790989999999999895e+02
1.791100000000000136e+02
1.791510000000000105e+02
1.791839999999999975e+02
1.792820000000000107e+02
1.794110000000000014e+02
1.794360000000000070e+02
1.794509999999999934e+02
1.794950000000000045e+02
1.795099999999999909e+02
1.795269999999999868e+02
1.795600000000000023e+02
1.795769999999999982e+02
1.795960000000000036e+02
1.796719999999999970e+02
1.797050000000000125e+02
1.800039999999999907e+02
1.800130000000000052e+02
1.801639999999999873e+02
1.804910000000000139e+02
1.807210000000000036e+02
1.807860000000000014e+02
1.808520000000000039e+02
1.810869999999999891e+02
1.812470000000000141e+02
1.819149999999999920e+02
1.823129999999999882e+02
1.825529999999999973e+02
1.826610000000000014e+02
1.833460000000000036e+02
1.836649999999999920e+02
1.836779999999999973e+02
1.861610000000000014e+02
1.862839999999999918e+02
1.863959999999999866e+02
1.864300000000000068e+02
1.865850000000000080e+02
1.867019999999999982e+02
1.867280000000000086e+02
1.867820000000000107e+02
1.868079999999999927e+02
1.868830000000000098e+02
1.869060000000000059e+02
1.874029999999999916e+02
1.874480000000000075e+02
1.877669999999999959e+02
1.879499999999999886e+02
1.881599999999999966e+02
1.882280000000000086e+02
1.885039999999999907e+02
1.887199999999999989e+02
1.887940000000000111e+02
1.888779999999999859e+02
1.889970000000000141e+02
1.894370000000000118e+02
1.896610000000000014e+02
1.898400000000000034e+02
1.903449999999999989e+02
1.905180000000000007e+02
1.905320000000000107e+02
1.907330000000000041e+02
1.909449999999999932e+02
1.910749999999999886e+02
1.911049999999999898e+02
1.912760000000000105e+02
1.913729999999999905e+02
1.916299999999999955e+02
1.919350000000000023e+02
1.919979999999999905e+02
1.921579999999999870e+02
1.921959999999999980e+02
1.922249999999999943e+02
1.923700000000000045e+02
1.924070000000000107e+02
1.925490000000000066e+02
1.928710000000000093e+02
1.929050000000000011e+02
1.931479999999999961e+02
1.933880000000000052e+02
1.934199999999999875e+02
1.934470000000000027e+02
1.934770000000000039e+02
1.938619999999999948e+02
1.942129999999999939e+02
1.942259999999999991e+02
1.944720000000000084e+02
1.946260000000000048e+02
1.946589999999999918e+02
1.947599999999999909e+02
1.951459999999999866e+02
1.951750000000000114e+02
1.952439999999999998e+02
1.954590000000000032e+02
1.954989999999999952e+02
1.957119999999999891e+02
1.959519999999999982e+02
1.959819999999999993e+02
1.961759999999999877e+02
1.962760000000000105e+02
1.963360000000000127e+02
1.963520000000000039e+02
1.964379999999999882e+02
1.967330000000000041e+02
1.967860000000000014e+02
1.971279999999999859e+02
1.972220000000000084e+02
1.973350000000000080e+02
1.973940000000000055e+02
1.975850000000000080e+02
1.976160000000000139e+02
1.976620000000000061e+02
1.979819999999999993e+02
1.980999999999999943e+02
1.981819999999999879e+02
1.983290000000000077e+02
1.984310000000000116e+02
1.986270000000000095e+02
1.987069999999999936e+02
1.988489999999999895e+02
1.988779999999999859e+02
1.990209999999999866e+02
1.993389999999999986e+02
1.995000000000000000e+02
1.997410000000000139e+02
1.997709999999999866e+02
1.997990000000000066e+02
2.000349999999999966e+02
2.000529999999999973e+02
2.002139999999999986e+02
2.004130000000000109e+02
2.004250000000000114e+02
2.004350000000000023e+02
2.004439999999999884e+02
2.009389999999999930e+02
2.009950000000000045e+02
2.012669999999999959e+02
2.013710000000000093e+02
2.015409999999999968e+02
2.015680000000000121e+02
2.015910000000000082e+02
2.018060000000000116e+02
2.018340000000000032e+02
2.020060000000000002e+02
2.020469999999999970e+02
2.020790000000000077e+02
2.022649999999999864e+02
2.024259999999999877e+02
2.031250000000000000e+02
2.032319999999999993e+02
2.034149999999999920e+02
2.034319999999999879e+02
2.036599999999999966e+02
2.038189999999999884e+02
2.038499999999999943e+02
2.038729999999999905e+02
2.038940000000000055e+02
2.039130000000000109e+02
2.041430000000000007e+02
2.057599999999999909e+02
2.057839999999999918e+02
2.058040000000000020e+02
2.058249999999999886e+02
2.058410000000000082e+02
2.058979999999999961e+02
2.059319999999999879e+02
2.059389999999999930e+02
2.059499999999999886e+02
2.059610000000000127e+02
2.059660000000000082e+02
2.059770000000000039e+02
2.059859999999999900e+02
2.060089999999999861e+02
2.060209999999999866e+02
2.060459999999999923e+02
2.060529999999999973e+02
2.060699999999999932e+02
2.060819999999999936e+02
2.060960000000000036e+02
2.060999999999999943e+02
2.061150000000000091e+02
2.061189999999999998e+02
2.061270000000000095e+02
2.061339999999999861e+02
2.061469999999999914e+02
2.061759999999999877e+02
2.061829999999999927e+02
2.061889999999999930e+02
2.061970000000000027e+02
2.062259999999999991e+02
2.062479999999999905e+02
2.062529999999999859e+02
2.062700000000000102e+02
2.062839999999999918e+02
2.062920000000000016e+02
2.063149999999999977e+02
2.063240000000000123e+02
2.063319999999999936e+02
2.063400000000000034e+02
2.063439999999999941e+02
2.063489999999999895e+02
2.063640000000000043e+02
2.063669999999999902e+02
2.063720000000000141e+02
2.063760000000000048e+02
2.063799999999999955e+02
2.063839999999999861e+02
2.063890000000000100e+02
2.063930000000000007e+02
2.063979999999999961e+02
2.064019999999999868e+02
2.064070000000000107e+02
2.064110000000000014e+02
2.064159999999999968e+02
2.064199999999999875e+02
2.064250000000000114e+02
2.064290000000000020e+02
2.064339999999999975e+02
2.064379999999999882e+02
2.064430000000000121e+02
2.064470000000000027e+02
2.064519999999999982e+02
2.064559999999999889e+02
2.064610000000000127e+02
2.064650000000000034e+02
2.064699999999999989e+02
2.064850000000000136e+02
2.064919999999999902e+02
2.064979999999999905e+02
2.065300000000000011e+02
2.065440000000000111e+02
2.065469999999999970e+02
2.065519999999999925e+02
2.065560000000000116e+02
2.065600000000000023e+02
2.065639999999999930e+02
2.065689999999999884e+02
2.065730000000000075e+02
2.065780000000000030e+02
2.065819999999999936e+02
2.065869999999999891e+02
2.065910000000000082e+02
2.065960000000000036e+02
2.065999999999999943e+02
2.066049999999999898e+02
2.066090000000000089e+02
2.066140000000000043e+02
2.066179999999999950e+02
2.066229999999999905e+02
2.066250000000000000e+02
2.066299999999999955e+02
2.066359999999999957e+02
2.066430000000000007e+02
2.066519999999999868e+02
2.066610000000000014e+02
2.066699999999999875e+02
2.066769999999999925e+02
2.066879999999999882e+02
2.066970000000000027e+02
2.067040000000000077e+02
2.067150000000000034e+02
2.067419999999999902e+02
2.067599999999999909e+02
2.067920000000000016e+02
2.068000000000000114e+02
2.068100000000000023e+02
2.068209999999999980e+02
2.068389999999999986e+02
2.068499999999999943e+02
2.068609999999999900e+02
2.068799999999999955e+02
2.068909999999999911e+02
2.068979999999999961e+02
2.069089999999999918e+02
2.069290000000000020e+02
2.069399999999999977e+02
2.069470000000000027e+02
2.069859999999999900e+02
2.069950000000000045e+02
2.070300000000000011e+02
2.070420000000000016e+02
2.070699999999999932e+02
2.070780000000000030e+02
2.071049999999999898e+02
2.071179999999999950e+02
2.071419999999999959e+02
2.071790000000000020e+02
2.072050000000000125e+02
2.072150000000000034e+02
2.072290000000000134e+02
2.072439999999999998e+02
2.072549999999999955e+02
2.072700000000000102e+02
2.072860000000000014e+02
2.073139999999999930e+02
2.073429999999999893e+02
2.073590000000000089e+02
2.073750000000000000e+02
2.073919999999999959e+02
2.074269999999999925e+02
2.074470000000000027e+02
2.074919999999999902e+02
2.075190000000000055e+02
2.081109999999999900e+02
2.084050000000000011e+02
2.085670000000000073e+02
2.088369999999999891e+02
2.090480000000000018e+02
2.093079999999999927e+02
2.094610000000000127e+02
2.095060000000000002e+02
2.095459999999999923e+02
2.096279999999999859e+02
2.097129999999999939e+02
2.098100000000000023e+02
2.099550000000000125e+02
2.100589999999999975e+02
2.100989999999999895e+02
2.102090000000000032e+02
2.103329999999999984e+02
2.104410000000000025e+02
2.106220000000000141e+02
2.109790000000000134e+02
2.110180000000000007e+02
2.111270000000000095e+02
2.112820000000000107e+02
2.114600000000000080e+02
2.116220000000000141e+02
2.116850000000000023e+02
2.118950000000000102e+02
2.119279999999999973e+02
2.119650000000000034e+02
2.119890000000000043e+02
2.122450000000000045e+02
2.123429999999999893e+02
2.124420000000000073e+02
2.126750000000000114e+02
2.127930000000000064e+02
2.129180000000000064e+02
2.131299999999999955e+02
2.131659999999999968e+02
2.131980000000000075e+02
2.133379999999999939e+02
2.136440000000000055e+02
2.137299999999999898e+02
2.139180000000000064e+02
2.144550000000000125e+02
2.144830000000000041e+02
2.145260000000000105e+02
2.150289999999999964e+02
2.159590000000000032e+02
2.159859999999999900e+02
2.161289999999999907e+02
2.181479999999999961e+02
2.182500000000000000e+02
2.182740000000000009e+02
2.182949999999999875e+02
2.183149999999999977e+02
2.183369999999999891e+02
2.183729999999999905e+02
2.184240000000000066e+02
2.184399999999999977e+02
2.184540000000000077e+02
2.184689999999999941e+02
2.184950000000000045e+02
2.185279999999999916e+02
2.185399999999999920e+02
2.185610000000000070e+02
2.185720000000000027e+02
2.186119999999999948e+02
2.186210000000000093e+02
2.186279999999999859e+02
2.186479999999999961e+02
2.186570000000000107e+02
2.186630000000000109e+02
2.186699999999999875e+02
2.186740000000000066e+02
2.186800000000000068e+02
2.186839999999999975e+02
2.186990000000000123e+02
2.187030000000000030e+02
2.187079999999999984e+02
2.187129999999999939e+02
2.187170000000000130e+02
2.187220000000000084e+02
2.187259999999999991e+02
2.187309999999999945e+02
2.187350000000000136e+02
2.187400000000000091e+02
2.187439999999999998e+02
2.187489999999999952e+02
2.187529999999999859e+02
2.187580000000000098e+02
2.187620000000000005e+02
2.187669999999999959e+02
2.187709999999999866e+02
2.187760000000000105e+02
2.187800000000000011e+02
2.187849999999999966e+02
2.187889999999999873e+02
2.187940000000000111e+02
2.187980000000000018e+02
2.188029999999999973e+02
2.188069999999999879e+02
2.188120000000000118e+02
2.188160000000000025e+02
2.188209999999999980e+02
2.188249999999999886e+02
2.188300000000000125e+02
2.188340000000000032e+02
2.188389999999999986e+02
2.188429999999999893e+02
2.188480000000000132e+02
2.188520000000000039e+02
2.188569999999999993e+02
2.188609999999999900e+02
2.188650000000000091e+02
2.188820000000000050e+02
2.188950000000000102e+02
2.189029999999999916e+02
2.189290000000000020e+02
2.189590000000000032e+02
2.189710000000000036e+02
2.189799999999999898e+02
2.190099999999999909e+02
2.190180000000000007e+02
2.190240000000000009e+02
2.190420000000000016e+02
2.190490000000000066e+02
2.190560000000000116e+02
2.190889999999999986e+02
2.191119999999999948e+02
2.191260000000000048e+02
2.191339999999999861e+02
2.191430000000000007e+02
2.191490000000000009e+02
2.191740000000000066e+02
2.191839999999999975e+02
2.191930000000000121e+02
2.191980000000000075e+02
2.192079999999999984e+02
2.192330000000000041e+02
2.192419999999999902e+02
2.192489999999999952e+02
2.193189999999999884e+02
2.193280000000000030e+02
2.193360000000000127e+02
2.193460000000000036e+02
2.193619999999999948e+02
2.193729999999999905e+02
2.193820000000000050e+02
2.193890000000000100e+02
2.194000000000000057e+02
2.194219999999999970e+02
2.194310000000000116e+02
2.194610000000000127e+02
2.194699999999999989e+02
2.194809999999999945e+02
2.194900000000000091e+02
2.195000000000000000e+02
2.195209999999999866e+02
2.195279999999999916e+02
2.195389999999999873e+02
2.195600000000000023e+02
2.195709999999999980e+02
2.195910000000000082e+02
2.196020000000000039e+02
2.196109999999999900e+02
2.196229999999999905e+02
2.196330000000000098e+02
2.196450000000000102e+02
2.196579999999999870e+02
2.197170000000000130e+02
2.197439999999999998e+02
2.197529999999999859e+02
2.197680000000000007e+02
2.197810000000000059e+02
2.198079999999999927e+02
2.198209999999999980e+02
2.198340000000000032e+02
2.198600000000000136e+02
2.199050000000000011e+02
2.199490000000000123e+02
2.199979999999999905e+02
2.200339999999999918e+02
2.207019999999999982e+02
2.209259999999999877e+02
2.209790000000000134e+02
2.213120000000000118e+02
2.214670000000000130e+02
2.215800000000000125e+02
2.216510000000000105e+02
2.216860000000000070e+02
2.217299999999999898e+02
2.219099999999999966e+02
2.219509999999999934e+02
2.220999999999999943e+02
2.221399999999999864e+02
2.222609999999999957e+02
2.224039999999999964e+02
2.225709999999999980e+02
2.226399999999999864e+02
2.227789999999999964e+02
2.228180000000000121e+02
2.229199999999999875e+02
2.230269999999999868e+02
2.231790000000000020e+02
2.232489999999999952e+02
2.234219999999999970e+02
2.235889999999999986e+02
2.239149999999999920e+02
2.240709999999999980e+02
2.243640000000000043e+02
2.247810000000000059e+02
2.248110000000000070e+02
2.248350000000000080e+02
2.250370000000000061e+02
2.253369999999999891e+02
2.256100000000000136e+02
2.258329999999999984e+02
2.258499999999999943e+02
2.260169999999999959e+02
2.286179999999999950e+02
2.287930000000000064e+02
2.288449999999999989e+02
2.288959999999999866e+02
2.289180000000000064e+02
2.289449999999999932e+02
2.289900000000000091e+02
2.290300000000000011e+02
2.290860000000000127e+02
2.291510000000000105e+02
2.291819999999999879e+02
2.292630000000000052e+02
2.298660000000000139e+02
2.300860000000000127e+02
2.302570000000000050e+02
2.302889999999999873e+02
2.307839999999999918e+02
2.310000000000000000e+02
2.312079999999999984e+02
2.314799999999999898e+02
2.316479999999999961e+02
2.318590000000000089e+02
2.319879999999999995e+02
2.320360000000000014e+02
2.324219999999999970e+02
2.326100000000000136e+02
2.328400000000000034e+02
2.335310000000000059e+02
2.335769999999999982e+02
2.336129999999999995e+02
2.337669999999999959e+02
2.339099999999999966e+02
2.341140000000000043e+02
2.345980000000000132e+02
2.346169999999999902e+02
2.348369999999999891e+02
2.349170000000000016e+02
2.352340000000000089e+02
2.352700000000000102e+02
2.354019999999999868e+02
2.356430000000000007e+02
2.356630000000000109e+02
2.357680000000000007e+02
2.357949999999999875e+02
2.359600000000000080e+02
2.360039999999999907e+02
2.360329999999999870e+02
2.360620000000000118e+02
2.362069999999999936e+02
2.362280000000000086e+02
2.363689999999999998e+02
2.365310000000000059e+02
2.367150000000000034e+02
2.367719999999999914e+02
2.368679999999999950e+02
2.370120000000000005e+02
2.370449999999999875e+02
2.370699999999999932e+02
2.372090000000000032e+02
2.373189999999999884e+02
2.374979999999999905e+02
2.376109999999999900e+02
2.376539999999999964e+02
2.378489999999999895e+02
2.379130000000000109e+02
2.380550000000000068e+02
2.380780000000000030e+02
2.383600000000000136e+02
2.384339999999999975e+02
2.385469999999999970e+02
2.388569999999999993e+02
2.389209999999999923e+02
2.391680000000000064e+02
2.391959999999999980e+02
2.395550000000000068e+02
2.397350000000000136e+02
2.400200000000000102e+02
2.401819999999999879e+02
2.403160000000000025e+02
2.403410000000000082e+02
2.404370000000000118e+02
2.404600000000000080e+02
2.406189999999999998e+02
2.406430000000000007e+02
2.409490000000000123e+02
2.411759999999999877e+02
2.412040000000000077e+02
2.413129999999999882e+02
2.413429999999999893e+02
2.414130000000000109e+02
2.414430000000000121e+02
2.415749999999999886e+02
2.416930000000000121e+02
2.417669999999999959e+02
2.439279999999999973e+02
2.439470000000000027e+02
2.439809999999999945e+02
2.439970000000000141e+02
2.440109999999999957e+02
2.440320000000000107e+02
2.440449999999999875e+02
2.440680000000000121e+02
2.440749999999999886e+02
2.440860000000000127e+02
2.440970000000000084e+02
2.441310000000000002e+02
2.441529999999999916e+02
2.441570000000000107e+02
2.441829999999999927e+02
2.441930000000000121e+02
2.441999999999999886e+02
2.442110000000000127e+02
2.442249999999999943e+02
2.442359999999999900e+02
2.442429999999999950e+02
2.442479999999999905e+02
2.442560000000000002e+02
2.442829999999999870e+02
2.443189999999999884e+02
2.443400000000000034e+02
2.443540000000000134e+02
2.443669999999999902e+02
2.443839999999999861e+02
2.443899999999999864e+02
2.443979999999999961e+02
2.444290000000000020e+02
2.444350000000000023e+02
2.444759999999999991e+02
2.444809999999999945e+02
2.444850000000000136e+02
2.445080000000000098e+02
2.445130000000000052e+02
2.445180000000000007e+02
2.445219999999999914e+02
2.445360000000000014e+02
2.445399999999999920e+02
2.445449999999999875e+02
2.445569999999999879e+02
2.445620000000000118e+02
2.445660000000000025e+02
2.445709999999999980e+02
2.445749999999999886e+02
2.445800000000000125e+02
2.445840000000000032e+02
2.445889999999999986e+02
2.445929999999999893e+02
2.445980000000000132e+02
2.446020000000000039e+02
2.446069999999999993e+02
2.446109999999999900e+02
2.446160000000000139e+02
2.446200000000000045e+02
2.446250000000000000e+02
2.446289999999999907e+02
2.446339999999999861e+02
2.446380000000000052e+02
2.446430000000000007e+02
2.446469999999999914e+02
2.446519999999999868e+02
2.446659999999999968e+02
2.446730000000000018e+02
2.446800000000000068e+02
2.446870000000000118e+02
2.446980000000000075e+02
2.447030000000000030e+02
2.447069999999999936e+02
2.447119999999999891e+02
2.447160000000000082e+02
2.447210000000000036e+02
2.447249999999999943e+02
2.447299999999999898e+02
2.447340000000000089e+02
2.447390000000000043e+02
2.447429999999999950e+02
2.447479999999999905e+02
2.447520000000000095e+02
2.447570000000000050e+02
2.447609999999999957e+02
2.447649999999999864e+02
2.447700000000000102e+02
2.448240000000000123e+02
2.448540000000000134e+02
2.448619999999999948e+02
2.448729999999999905e+02
2.449139999999999873e+02
2.449209999999999923e+02
2.449319999999999879e+02
2.449519999999999982e+02
2.449639999999999986e+02
2.450209999999999866e+02
2.450310000000000059e+02
2.450440000000000111e+02
2.450560000000000116e+02
2.450670000000000073e+02
2.451040000000000134e+02
2.451310000000000002e+02
2.451690000000000111e+02
2.451800000000000068e+02
2.452220000000000084e+02
2.452470000000000141e+02
2.452750000000000057e+02
2.452889999999999873e+02
2.453050000000000068e+02
2.453340000000000032e+02
2.453629999999999995e+02
2.453810000000000002e+02
2.453979999999999961e+02
2.454339999999999975e+02
2.454780000000000086e+02
2.455029999999999859e+02
2.455279999999999916e+02
2.460339999999999918e+02
2.461040000000000134e+02
2.461850000000000023e+02
2.462680000000000007e+02
2.463139999999999930e+02
2.463770000000000095e+02
2.464439999999999884e+02
2.464840000000000089e+02
2.465279999999999916e+02
2.467030000000000030e+02
2.468700000000000045e+02
2.469610000000000127e+02
2.470440000000000111e+02
2.471560000000000059e+02
2.472179999999999893e+02
2.472860000000000014e+02
2.474890000000000043e+02
2.475320000000000107e+02
2.476750000000000114e+02
2.479830000000000041e+02
2.481719999999999970e+02
2.483100000000000023e+02
2.485869999999999891e+02
2.487609999999999957e+02
2.488019999999999925e+02
2.488259999999999934e+02
2.491279999999999859e+02
2.492470000000000141e+02
2.493120000000000118e+02
2.494950000000000045e+02
2.495360000000000014e+02
2.497889999999999873e+02
2.500600000000000023e+02
2.502450000000000045e+02
2.504399999999999977e+02
2.505720000000000027e+02
2.507059999999999889e+02
2.509480000000000075e+02
2.509859999999999900e+02
2.510000000000000000e+02
2.514970000000000141e+02
2.517129999999999939e+02
2.517520000000000095e+02
2.520389999999999873e+02
2.522330000000000041e+02
2.526579999999999870e+02
2.527319999999999993e+02
2.547729999999999961e+02
2.548249999999999886e+02
2.548959999999999866e+02
2.549279999999999973e+02
2.549540000000000077e+02
2.549790000000000134e+02
2.550819999999999936e+02
2.551069999999999993e+02
2.551560000000000059e+02
2.552210000000000036e+02
2.552800000000000011e+02
2.552969999999999970e+02
2.553149999999999977e+02
2.553480000000000132e+02
2.553799999999999955e+02
2.553969999999999914e+02
2.554089999999999918e+02
2.554540000000000077e+02
2.556260000000000048e+02
2.557560000000000002e+02
2.559720000000000084e+02
2.559960000000000093e+02
2.562049999999999841e+02
2.567570000000000050e+02
2.571730000000000018e+02
2.574340000000000259e+02
2.576320000000000050e+02
2.578460000000000036e+02
2.579139999999999873e+02
2.581270000000000095e+02
2.582370000000000232e+02
2.582620000000000005e+02
2.583439999999999941e+02
2.584479999999999791e+02
2.586320000000000050e+02
2.587939999999999827e+02
2.594710000000000036e+02
2.594900000000000091e+02
2.596390000000000100e+02
2.598299999999999841e+02
2.598530000000000086e+02
2.601510000000000105e+02
2.603039999999999736e+02
2.606259999999999764e+02
2.607740000000000009e+02
2.608029999999999973e+02
2.609649999999999750e+02
2.610450000000000159e+02
2.611999999999999886e+02
2.615020000000000095e+02
2.617409999999999854e+02
2.617710000000000150e+02
2.620439999999999827e+02
2.624669999999999845e+02
2.626399999999999864e+02
2.630020000000000095e+02
2.630280000000000200e+02
2.635430000000000064e+02
2.635869999999999891e+02
2.638120000000000118e+02
2.641739999999999782e+02
2.643159999999999741e+02
2.643509999999999991e+02
2.643809999999999718e+02
2.645280000000000200e+02
2.646739999999999782e+02
2.646879999999999882e+02
2.648210000000000264e+02
2.649429999999999836e+02
2.649870000000000232e+02
2.653220000000000027e+02
2.654669999999999845e+02
2.656240000000000236e+02
2.657909999999999968e+02
2.658949999999999818e+02
2.659239999999999782e+02
2.659409999999999741e+02
2.661120000000000232e+02
2.661279999999999859e+02
2.662269999999999754e+02
2.662590000000000146e+02
2.664669999999999845e+02
2.665249999999999773e+02
2.667819999999999823e+02
2.669110000000000014e+02
2.670310000000000059e+02
2.671220000000000141e+02
2.671469999999999914e+02
2.672440000000000282e+02
2.672590000000000146e+02
2.675480000000000018e+02
2.675849999999999795e+02
2.677339999999999804e+02
2.677420000000000186e+02
2.677509999999999764e+02
2.678809999999999718e+02
2.681080000000000041e+02
2.682789999999999964e+02
2.684019999999999868e+02
2.687830000000000155e+02
2.689089999999999918e+02
2.690400000000000205e+02
2.692789999999999964e+02
2.693009999999999877e+02
2.696429999999999723e+02
2.696770000000000209e+02
2.697069999999999936e+02
